group	fill	clickSelects
2	#FEF3F6	463
3	#FEF3F6	463
4	#FEF3F6	463
5	#FEF3F6	463
6	#FEF3F6	463
7	#FEF3F6	463
8	#FEF3F6	463
9	#FEF3F6	463
10	#E987AC	829
11	#E987AC	829
12	#E987AC	829
13	#FFFDFE	344
14	#FEF3F6	463
15	#FFFDFE	344
16	#FEF3F6	463
17	#FEF3F6	463
18	#FEF3F6	463
19	#FEF3F6	463
20	#FEF3F6	463
21	#FFFDFE	344
22	#FFFDFE	344
23	#FFFDFE	344
24	#FFFDFE	344
25	#FEF3F6	463
26	#FFFDFE	344
27	#FFFDFE	344
28	#FFFDFE	344
29	#FFFDFE	344
30	#FFFDFE	344
31	#FFFDFE	344
32	#FFFDFE	344
33	#FFFAFB	354
34	#FFFAFB	354
35	#FFFAFB	354
36	#FEF3F6	463
37	#FFFAFB	354
38	#FFFAFB	354
39	#FFFAFB	354
40	#FFFAFB	354
41	#FFFAFB	354
42	#FFFAFB	354
43	#FFFAFB	354
44	#FFFAFB	354
45	#FFFAFB	354
46	#FEF3F6	463
47	#FEF3F6	463
48	#FEF3F6	463
49	#FEF3F6	463
50	#FEF3F6	463
52	#FEF3F6	463
53	#FEF3F6	463
54	#FEF3F6	463
55	#FEF3F6	463
56	#FEF3F6	463
57	#FEF3F6	463
58	#FEF3F6	463
59	#FEF3F6	463
60	#E987AC	829
61	#E987AC	829
62	#E987AC	829
63	#E987AC	829
64	#FEF3F6	463
65	#FFFDFE	344
66	#FEF3F6	463
67	#FEF3F6	463
68	#FEF3F6	463
69	#FEF3F6	463
70	#FEF3F6	463
71	#FEF3F6	463
72	#FFFDFE	344
73	#FEF3F6	463
74	#FFFDFE	344
75	#FEF3F6	463
76	#FFFDFE	344
77	#FFFDFE	344
78	#FFFDFE	344
79	#FFFDFE	344
80	#FFFDFE	344
81	#FFFDFE	344
82	#FFFDFE	344
83	#FFFDFE	344
84	#FFFAFB	354
85	#FFFAFB	354
86	#FEF3F6	463
87	#FFFAFB	354
88	#FFFAFB	354
89	#FFFAFB	354
90	#FFFAFB	354
91	#FFFAFB	354
92	#FFFAFB	354
93	#FFFAFB	354
94	#FFFAFB	354
95	#FFFAFB	354
96	#FFFAFB	354
97	#FEF3F6	463
98	#FEF3F6	463
99	#FEF3F6	463
100	#FEF3F6	463
101	#FEF3F6	463
103	#FEF3F6	463
104	#FEF3F6	463
105	#FEF3F6	463
106	#FEF3F6	463
107	#FEF3F6	463
108	#FEF3F6	463
109	#FEF3F6	463
110	#FEF3F6	463
111	#E987AC	829
112	#E987AC	829
113	#FFFDFE	344
114	#FFFDFE	344
115	#FEF3F6	463
116	#FFFDFE	344
117	#FEF3F6	463
118	#FEF3F6	463
119	#FEF3F6	463
120	#FEF3F6	463
121	#FEF3F6	463
122	#FEF3F6	463
123	#FEF3F6	463
124	#FEF3F6	463
125	#FEF3F6	463
126	#FEF3F6	463
127	#FFFDFE	344
128	#FFFDFE	344
129	#FFFDFE	344
130	#FFFDFE	344
131	#FFFDFE	344
132	#FFFDFE	344
133	#FFFDFE	344
134	#FFFDFE	344
135	#FFFAFB	354
136	#FFFAFB	354
137	#FEF3F6	463
138	#FFFAFB	354
139	#FFFAFB	354
140	#FFFAFB	354
141	#FFFAFB	354
142	#FFFAFB	354
143	#FFFAFB	354
144	#FFFAFB	354
145	#FFFAFB	354
146	#FFFAFB	354
147	#FEF3F6	463
148	#FEF3F6	463
149	#FEF3F6	463
150	#FEF3F6	463
151	#FEF3F6	463
153	#FEF3F6	463
154	#FEF3F6	463
155	#FFFDFE	344
156	#FFFDFE	344
157	#FFFDFE	344
158	#FFFDFE	344
159	#FFFDFE	344
160	#FFFDFE	344
161	#FFFDFE	344
162	#FFFDFE	344
163	#FFFDFE	344
164	#FFFDFE	344
165	#FEF3F6	463
166	#FFFDFE	344
167	#FFFDFE	344
168	#FFFDFE	344
169	#FFFDFE	344
170	#FFFDFE	344
171	#FFFDFE	344
172	#FFFDFE	344
173	#FFFDFE	344
174	#FFFDFE	344
175	#FFFDFE	344
176	#FEF3F6	463
177	#FFFDFE	344
178	#FFFDFE	344
179	#FFFAFB	354
180	#FFFAFB	354
181	#FFFDFE	344
182	#FFFDFE	344
183	#FFFDFE	344
184	#FFFDFE	344
185	#FFFDFE	344
186	#FFFDFE	344
187	#FEF3F6	463
188	#FFFDFE	344
189	#FFFAFB	354
190	#FFFDFE	344
191	#FFFDFE	344
192	#FFFDFE	344
193	#FFFDFE	344
194	#FFFAFB	354
195	#FFFAFB	354
196	#FFFAFB	354
197	#FFFAFB	354
198	#FEF3F6	463
199	#FEF3F6	463
200	#E987AC	829
201	#E987AC	829
202	#E987AC	829
204	#FEF3F6	463
205	#FEF3F6	463
206	#FFFDFE	344
207	#FFFDFE	344
208	#FFFDFE	344
209	#FFFDFE	344
210	#FFFDFE	344
211	#FFFDFE	344
212	#FFFDFE	344
213	#FFFDFE	344
214	#FFFDFE	344
215	#FFFDFE	344
216	#FEF3F6	463
217	#FFFDFE	344
218	#FFFDFE	344
219	#FFFDFE	344
220	#FFFDFE	344
221	#FFFDFE	344
222	#FFFDFE	344
223	#FFFDFE	344
224	#FFFDFE	344
225	#FFFAFB	354
226	#FFFAFB	354
227	#FEF3F6	463
228	#FFFDFE	344
229	#FFFAFB	354
230	#FFFAFB	354
231	#FFFDFE	344
232	#FFFDFE	344
233	#FFFDFE	344
234	#FFFDFE	344
235	#FFFDFE	344
236	#FFFDFE	344
237	#FFFDFE	344
238	#FEF3F6	463
239	#FFFAFB	354
240	#FFFAFB	354
241	#FFFDFE	344
242	#FFFDFE	344
243	#FFFDFE	344
244	#FFFAFB	354
245	#FFFAFB	354
246	#FFFAFB	354
247	#FFFAFB	354
248	#FEF3F6	463
249	#E987AC	829
250	#E987AC	829
251	#FFFDFE	344
252	#FFFDFE	344
254	#FEF3F6	463
255	#FEF3F6	463
256	#FFFDFE	344
257	#FFFDFE	344
258	#FFFDFE	344
259	#FFFDFE	344
260	#FFFDFE	344
261	#FFFDFE	344
262	#FFFDFE	344
263	#FFFDFE	344
264	#FFFDFE	344
265	#FFFDFE	344
266	#FEF3F6	463
267	#FFFDFE	344
268	#FFFDFE	344
269	#FFFDFE	344
270	#FFFDFE	344
271	#FFFDFE	344
272	#FFFAFB	354
273	#FFFDFE	344
274	#FFFDFE	344
275	#FFFAFB	354
276	#FFFAFB	354
277	#FEF3F6	463
278	#FFFAFB	354
279	#FFFAFB	354
280	#FFFDFE	344
281	#FFFAFB	354
282	#FFFDFE	344
283	#FFFDFE	344
284	#FFFDFE	344
285	#FFFDFE	344
286	#FFFDFE	344
287	#FFFDFE	344
288	#FEF3F6	463
289	#FFFDFE	344
290	#FFFDFE	344
291	#FFFDFE	344
292	#FFFDFE	344
293	#FFFDFE	344
294	#FFFAFB	354
295	#FFFAFB	354
296	#FFFAFB	354
297	#FFFAFB	354
298	#FFFAFB	354
299	#FEF3F6	463
300	#FEF3F6	463
301	#E987AC	829
302	#FFFDFE	344
303	#FFFDFE	344
305	#FEF3F6	463
306	#FEF3F6	463
307	#FFFDFE	344
308	#FFFDFE	344
309	#FFFDFE	344
310	#FFFDFE	344
311	#FFFDFE	344
312	#FFFDFE	344
313	#FFFDFE	344
314	#FFFDFE	344
315	#FFFDFE	344
316	#FFFDFE	344
317	#FEF3F6	463
318	#FFFDFE	344
319	#FFFDFE	344
320	#FFFDFE	344
321	#FFFDFE	344
322	#FFFAFB	354
323	#FFFAFB	354
324	#FFFDFE	344
325	#FFFAFB	354
326	#FFFAFB	354
327	#FFFAFB	354
328	#FEF3F6	463
329	#FFFAFB	354
330	#FFFDFE	344
331	#FFFDFE	344
332	#FFFDFE	344
333	#FFFDFE	344
334	#FFFDFE	344
335	#FFFDFE	344
336	#FFFDFE	344
337	#FFFDFE	344
338	#FFFDFE	344
339	#FEF3F6	463
340	#FFFDFE	344
341	#FFFDFE	344
342	#FFFDFE	344
343	#FFFDFE	344
344	#FFFDFE	344
345	#FFFAFB	354
346	#FFFAFB	354
347	#FFFAFB	354
348	#FFFAFB	354
349	#E987AC	829
350	#E987AC	829
351	#FFFDFE	344
352	#FFFDFE	344
353	#FFFDFE	344
355	#FEF3F6	463
356	#FEF3F6	463
357	#FFFDFE	344
358	#FFFDFE	344
359	#FFFDFE	344
360	#FFFDFE	344
361	#FFFDFE	344
362	#FFFDFE	344
363	#FFFDFE	344
364	#FFFDFE	344
365	#FFFDFE	344
366	#FFFDFE	344
367	#FEF3F6	463
368	#FFFDFE	344
369	#FFFDFE	344
370	#FFFDFE	344
371	#FFFDFE	344
372	#FFFAFB	354
373	#FFFAFB	354
374	#FFFDFE	344
375	#FFFDFE	344
376	#FFFAFB	354
377	#FFFAFB	354
378	#FEF3F6	463
379	#FFFAFB	354
380	#FFFDFE	344
381	#FFFDFE	344
382	#FFFDFE	344
383	#FFFDFE	344
384	#FFFDFE	344
385	#FFFDFE	344
386	#FFFDFE	344
387	#FFFDFE	344
388	#FFFDFE	344
389	#FEF3F6	463
390	#FFFDFE	344
391	#FFFDFE	344
392	#FFFDFE	344
393	#FFFDFE	344
394	#FFFDFE	344
395	#FFFDFE	344
396	#FFFAFB	354
397	#FFFAFB	354
398	#FFFAFB	354
399	#FFFAFB	354
400	#FEF3F6	463
401	#E987AC	829
402	#FFFDFE	344
403	#FFFDFE	344
404	#FFFDFE	344
406	#FEF3F6	463
407	#FEF3F6	463
408	#FFFDFE	344
409	#FFFDFE	344
410	#FFFDFE	344
411	#FFFDFE	344
412	#FFFDFE	344
413	#FFFDFE	344
414	#FFFDFE	344
415	#FFFDFE	344
416	#FFFDFE	344
417	#FFFDFE	344
418	#FEF3F6	463
419	#FFFDFE	344
420	#FFFDFE	344
421	#FFFDFE	344
422	#FFFDFE	344
423	#FFFAFB	354
424	#FFFAFB	354
425	#FFFDFE	344
426	#FFFDFE	344
427	#FFFAFB	354
428	#FFFAFB	354
429	#FEF3F6	463
430	#FFFDFE	344
431	#FFFDFE	344
432	#FFFDFE	344
433	#FFFDFE	344
434	#FFFDFE	344
435	#FFFDFE	344
436	#FFFDFE	344
437	#FFFDFE	344
438	#FFFDFE	344
439	#FFFDFE	344
440	#FEF3F6	463
441	#FFFDFE	344
442	#FFFDFE	344
443	#FFFDFE	344
444	#FFFDFE	344
445	#FFFDFE	344
446	#FFFAFB	354
447	#FFFAFB	354
448	#FFFAFB	354
449	#FFFAFB	354
450	#E987AC	829
451	#FFFDFE	344
452	#FFFDFE	344
453	#FFFDFE	344
454	#FFFDFE	344
456	#FEF3F6	463
457	#FEF3F6	463
458	#FFFDFE	344
459	#FFFDFE	344
460	#FFFDFE	344
461	#FFFDFE	344
462	#FFFDFE	344
463	#FFFDFE	344
464	#FFFDFE	344
465	#FFFDFE	344
466	#FFFDFE	344
467	#FFFDFE	344
468	#FEF3F6	463
469	#FFFDFE	344
470	#FFFDFE	344
471	#FFFDFE	344
472	#FFFAFB	354
473	#FFFAFB	354
474	#FFFAFB	354
475	#FFFAFB	354
476	#FFFDFE	344
477	#FFFDFE	344
478	#FFFAFB	354
479	#FEF3F6	463
480	#FFFAFB	354
481	#FFFDFE	344
482	#FFFDFE	344
483	#FFFDFE	344
484	#FFFDFE	344
485	#FFFDFE	344
486	#FFFDFE	344
487	#FFFDFE	344
488	#FFFDFE	344
489	#FFFDFE	344
490	#FEF3F6	463
491	#FFFDFE	344
492	#FFFDFE	344
493	#FFFDFE	344
494	#FFFDFE	344
495	#FFFDFE	344
496	#FFFDFE	344
497	#FFFAFB	354
498	#FFFAFB	354
499	#FFFAFB	354
500	#FFFAFB	354
501	#FEF3F6	463
502	#FFFDFE	344
503	#FFFDFE	344
504	#FFFDFE	344
505	#FFFDFE	344
507	#FEF3F6	463
508	#FEF3F6	463
509	#FFFDFE	344
510	#FFFDFE	344
511	#FFFDFE	344
512	#FFFDFE	344
513	#FFFDFE	344
514	#FFFDFE	344
515	#FFFDFE	344
516	#FFFDFE	344
517	#FFFDFE	344
518	#FFFDFE	344
519	#FEF3F6	463
520	#FFFDFE	344
521	#FFFDFE	344
522	#FFFAFB	354
523	#FFFAFB	354
524	#FFFAFB	354
525	#FFFAFB	354
526	#FFFAFB	354
527	#FFFDFE	344
528	#FFFAFB	354
529	#FFFAFB	354
530	#FEF3F6	463
531	#FFFAFB	354
532	#FFFDFE	344
533	#FFFAFB	354
534	#FFFDFE	344
535	#FFFDFE	344
536	#FFFDFE	344
537	#FFFDFE	344
538	#FFFDFE	344
539	#FFFDFE	344
540	#FFFDFE	344
541	#FEF3F6	463
542	#FFFDFE	344
543	#FFFDFE	344
544	#FFFDFE	344
545	#FFFDFE	344
546	#FFFAFB	354
547	#FFFDFE	344
548	#FFFAFB	354
549	#FFFAFB	354
550	#FFFAFB	354
551	#FEF3F6	463
552	#FFFDFE	344
553	#FFFDFE	344
554	#FFFDFE	344
555	#FFFDFE	344
557	#FEF3F6	463
558	#FEF3F6	463
559	#FFFDFE	344
560	#FFFDFE	344
561	#FFFDFE	344
562	#FFFDFE	344
563	#FFFDFE	344
564	#FFFDFE	344
565	#FFFDFE	344
566	#FFFDFE	344
567	#FFFDFE	344
568	#FFFDFE	344
569	#FEF3F6	463
570	#FFFDFE	344
571	#FFFDFE	344
572	#FFFDFE	344
573	#FFFAFB	354
574	#FFFAFB	354
575	#FFFAFB	354
576	#FFFAFB	354
577	#FFFAFB	354
578	#FFFAFB	354
579	#FFFAFB	354
580	#FEF3F6	463
581	#FFFAFB	354
582	#FFFDFE	344
583	#FFFDFE	344
584	#FFFAFB	354
585	#FFFAFB	354
586	#FFFDFE	344
587	#FFFDFE	344
588	#FFFDFE	344
589	#FFFDFE	344
590	#FFFDFE	344
591	#FEF3F6	463
592	#FFFDFE	344
593	#FFFDFE	344
594	#FFFDFE	344
595	#FFFDFE	344
596	#FFFAFB	354
597	#FFFAFB	354
598	#FFFAFB	354
599	#FFFAFB	354
600	#FFFAFB	354
601	#FFFAFB	354
602	#FEF3F6	463
603	#FEF3F6	463
604	#FFFDFE	344
605	#FFFDFE	344
606	#FFFDFE	344
608	#FEF3F6	463
609	#FEF3F6	463
610	#FFFDFE	344
611	#FFFDFE	344
612	#FFFDFE	344
613	#FFFDFE	344
614	#FFFDFE	344
615	#FFFDFE	344
616	#FFFDFE	344
617	#FFFDFE	344
618	#FFFDFE	344
619	#FFFDFE	344
620	#FEF3F6	463
621	#FFFDFE	344
622	#FFFDFE	344
623	#FFFAFB	354
624	#FFFAFB	354
625	#FFFAFB	354
626	#FFFAFB	354
627	#FFFAFB	354
628	#FFFAFB	354
629	#FFFAFB	354
630	#FFFAFB	354
631	#FEF3F6	463
632	#FFFAFB	354
633	#FFFDFE	344
634	#FFFAFB	354
635	#FFFAFB	354
636	#FFFAFB	354
637	#FFFAFB	354
638	#FFFAFB	354
639	#FFFDFE	344
640	#FFFDFE	344
641	#FFFDFE	344
642	#FEF3F6	463
643	#FFFDFE	344
644	#FFFDFE	344
645	#FFFDFE	344
646	#FFFAFB	354
647	#FFFAFB	354
648	#FFFAFB	354
649	#FFFAFB	354
650	#FFFAFB	354
651	#FFFAFB	354
652	#FEF3F6	463
653	#FFFDFE	344
654	#FFFDFE	344
655	#FFFDFE	344
656	#FFFDFE	344
658	#FEF3F6	463
659	#FEF3F6	463
660	#FFFDFE	344
661	#FFFDFE	344
662	#FFFDFE	344
663	#FFFDFE	344
664	#FFFDFE	344
665	#FFFDFE	344
666	#FFFDFE	344
667	#FFFDFE	344
668	#FFFDFE	344
669	#FFFDFE	344
670	#FEF3F6	463
671	#FFFDFE	344
672	#FFFDFE	344
673	#FFFDFE	344
674	#FFFAFB	354
675	#FFFAFB	354
676	#FFFAFB	354
677	#FFFDFE	344
678	#FFFAFB	354
679	#FFFAFB	354
680	#FFFAFB	354
681	#FEF3F6	463
682	#FFFAFB	354
683	#FFFDFE	344
684	#FFFAFB	354
685	#FFFAFB	354
686	#FFFAFB	354
687	#FFFAFB	354
688	#FFFAFB	354
689	#FFFDFE	344
690	#FFFDFE	344
691	#FFFDFE	344
692	#FEF3F6	463
693	#FFFDFE	344
694	#FFFDFE	344
695	#FFFDFE	344
696	#FFFDFE	344
697	#FFFDFE	344
698	#FFFDFE	344
699	#FFFAFB	354
700	#FFFAFB	354
701	#FFFAFB	354
702	#FFFAFB	354
703	#FEF3F6	463
704	#FFFDFE	344
705	#FFFDFE	344
706	#FFFDFE	344
707	#FFFDFE	344
709	#FEF3F6	463
710	#FEF3F6	463
711	#FFFDFE	344
712	#FFFDFE	344
713	#FFFDFE	344
714	#FFFDFE	344
715	#FFFDFE	344
716	#FFFDFE	344
717	#FFFDFE	344
718	#FFFDFE	344
719	#FFFDFE	344
720	#FFFDFE	344
721	#FEF3F6	463
722	#FFFDFE	344
723	#FFFDFE	344
724	#FFFAFB	354
725	#FFFAFB	354
726	#FFFAFB	354
727	#FFFDFE	344
728	#FFFDFE	344
729	#FFFDFE	344
730	#FFFDFE	344
731	#FFFDFE	344
732	#FEF3F6	463
733	#FFFAFB	354
734	#FFFDFE	344
735	#FFFAFB	354
736	#FFFAFB	354
737	#FFFAFB	354
738	#FFFAFB	354
739	#FFFAFB	354
740	#FFFDFE	344
741	#FFFDFE	344
742	#FFFDFE	344
743	#FEF3F6	463
744	#FFFDFE	344
745	#FFFDFE	344
746	#FFFDFE	344
747	#FFFDFE	344
748	#FFFDFE	344
749	#FFFAFB	354
750	#FFFAFB	354
751	#FFFAFB	354
752	#FFFAFB	354
753	#FEF3F6	463
754	#FEF3F6	463
755	#FFFDFE	344
756	#FFFDFE	344
757	#FFFDFE	344
759	#FEF3F6	463
760	#FEF3F6	463
761	#FFFDFE	344
762	#FFFDFE	344
763	#FFFDFE	344
764	#FFFDFE	344
765	#FFFDFE	344
766	#FFFDFE	344
767	#FFFDFE	344
768	#FFFDFE	344
769	#FFFDFE	344
770	#FFFDFE	344
771	#FEF3F6	463
772	#FFFDFE	344
773	#FFFAFB	354
774	#FFFDFE	344
775	#FFFAFB	354
776	#FFFAFB	354
777	#FFFAFB	354
778	#FFFDFE	344
779	#FFFDFE	344
780	#FFFDFE	344
781	#FFFDFE	344
782	#FEF3F6	463
783	#FFFDFE	344
784	#FFFAFB	354
785	#FFFAFB	354
786	#FFFAFB	354
787	#FFFAFB	354
788	#FFFAFB	354
789	#FFFAFB	354
790	#FFFDFE	344
791	#FFFDFE	344
792	#FFFDFE	344
793	#FEF3F6	463
794	#FFFDFE	344
795	#FFFDFE	344
796	#FFFDFE	344
797	#FFFDFE	344
798	#FFFDFE	344
799	#FFFDFE	344
800	#FFFAFB	354
801	#FFFAFB	354
802	#FFFAFB	354
803	#FFFAFB	354
804	#FEF3F6	463
805	#FEF3F6	463
806	#FFFDFE	344
807	#FFFDFE	344
808	#FFFDFE	344
810	#FEF3F6	463
811	#FEF3F6	463
812	#FFFDFE	344
813	#FFFDFE	344
814	#FEF3F6	463
815	#FFFDFE	344
816	#FFFDFE	344
817	#FFFDFE	344
818	#FFFDFE	344
819	#FFFDFE	344
820	#FFFDFE	344
821	#FFFDFE	344
822	#FEF3F6	463
823	#FFFDFE	344
824	#FFFAFB	354
825	#FFFAFB	354
826	#FFFAFB	354
827	#FFFDFE	344
828	#FFFDFE	344
829	#FFFDFE	344
830	#FFFDFE	344
831	#FFFDFE	344
832	#FFFAFB	354
833	#FEF3F6	463
834	#FFFAFB	354
835	#FFFAFB	354
836	#FFFAFB	354
837	#FFFAFB	354
838	#FFFAFB	354
839	#FFFAFB	354
840	#FFFDFE	344
841	#FFFDFE	344
842	#FFFDFE	344
843	#FFFDFE	344
844	#FEF3F6	463
845	#FFFDFE	344
846	#FFFDFE	344
847	#FFFDFE	344
848	#FFFDFE	344
849	#FFFDFE	344
850	#FFFDFE	344
851	#FFFAFB	354
852	#FFFAFB	354
853	#FFFAFB	354
854	#FEF3F6	463
855	#FEF3F6	463
856	#FFFDFE	344
857	#FFFDFE	344
858	#FFFDFE	344
860	#FEF3F6	463
861	#FEF3F6	463
862	#FFFDFE	344
863	#FFFDFE	344
864	#FFFDFE	344
865	#FEF3F6	463
866	#FFFDFE	344
867	#FFFDFE	344
868	#FFFDFE	344
869	#FFFDFE	344
870	#FFFDFE	344
871	#FFFDFE	344
872	#FEF3F6	463
873	#FFFDFE	344
874	#FFFDFE	344
875	#FFFAFB	354
876	#FFFAFB	354
877	#FFFAFB	354
878	#FFFDFE	344
879	#FFFDFE	344
880	#FFFAFB	354
881	#FFFAFB	354
882	#FFFDFE	344
883	#FEF3F6	463
884	#FFFAFB	354
885	#FFFAFB	354
886	#FFFAFB	354
887	#FFFAFB	354
888	#FFFAFB	354
889	#FFFAFB	354
890	#FFFAFB	354
891	#FFFAFB	354
892	#FFFDFE	344
893	#FFFDFE	344
894	#FEF3F6	463
895	#FFFDFE	344
896	#FFFDFE	344
897	#FFFDFE	344
898	#FFFDFE	344
899	#FFFDFE	344
900	#FFFDFE	344
901	#FFFDFE	344
902	#FFFAFB	354
903	#FFFAFB	354
904	#FFFAFB	354
905	#FEF3F6	463
906	#FEF3F6	463
907	#FEF3F6	463
908	#FFFDFE	344
909	#FFFDFE	344
911	#FEF3F6	463
912	#FEF3F6	463
913	#FFFDFE	344
914	#FFFDFE	344
915	#FEF3F6	463
916	#FEF3F6	463
917	#FFFDFE	344
918	#FFFDFE	344
919	#FFFDFE	344
920	#FFFDFE	344
921	#FFFDFE	344
922	#FFFDFE	344
923	#FEF3F6	463
924	#FFFDFE	344
925	#FFFDFE	344
926	#FFFAFB	354
927	#FFFDFE	344
928	#FFFDFE	344
929	#FFFDFE	344
930	#FFFDFE	344
931	#FFFAFB	354
932	#FFFAFB	354
933	#FFFAFB	354
934	#FEF3F6	463
935	#FFFAFB	354
936	#FFFAFB	354
937	#FFFAFB	354
938	#FFFAFB	354
939	#FFFAFB	354
940	#FFFAFB	354
941	#FFFAFB	354
942	#FFFAFB	354
943	#FFFDFE	344
944	#FFFDFE	344
945	#FEF3F6	463
946	#FFFDFE	344
947	#FFFDFE	344
948	#FFFDFE	344
949	#FFFDFE	344
950	#FFFDFE	344
951	#FFFAFB	354
952	#FFFAFB	354
953	#FFFAFB	354
954	#FFFAFB	354
955	#FEF3F6	463
956	#FEF3F6	463
957	#FEF3F6	463
958	#FFFDFE	344
959	#FFFDFE	344
961	#FEF3F6	463
962	#FEF3F6	463
963	#FFFDFE	344
964	#FFFDFE	344
965	#FEF3F6	463
966	#FEF3F6	463
967	#FFFDFE	344
968	#FFFDFE	344
969	#FFFDFE	344
970	#FFFDFE	344
971	#FFFDFE	344
972	#FFFDFE	344
973	#FEF3F6	463
974	#FFFDFE	344
975	#FFFDFE	344
976	#FFFDFE	344
977	#FFFAFB	354
978	#FFFDFE	344
979	#FFFDFE	344
980	#FFFDFE	344
981	#FFFDFE	344
982	#FFFAFB	354
983	#FFFAFB	354
984	#FEF3F6	463
985	#FFFAFB	354
986	#FFFAFB	354
987	#FFFAFB	354
988	#FFFAFB	354
989	#FFFAFB	354
990	#FFFAFB	354
991	#FFFAFB	354
992	#FFFAFB	354
993	#FFFDFE	344
994	#FFFDFE	344
995	#FEF3F6	463
996	#FFFDFE	344
997	#FFFDFE	344
998	#FFFDFE	344
999	#FFFDFE	344
1000	#FFFAFB	354
1001	#FFFAFB	354
1002	#FFFAFB	354
1003	#FFFAFB	354
1004	#FFFAFB	354
1005	#FFFAFB	354
1006	#FEF3F6	463
1007	#FEF3F6	463
1008	#FEF3F6	463
1009	#FEF3F6	463
1010	#FFFDFE	344
1012	#FEF3F6	463
1013	#FEF3F6	463
1014	#FFFDFE	344
1015	#FEF3F6	463
1016	#FEF3F6	463
1017	#FFFDFE	344
1018	#FFFDFE	344
1019	#FFFDFE	344
1020	#FFFDFE	344
1021	#FFFDFE	344
1022	#FFFDFE	344
1023	#FFFDFE	344
1024	#FEF3F6	463
1025	#FFFDFE	344
1026	#FFFDFE	344
1027	#FFFAFB	354
1028	#FFFDFE	344
1029	#FFFDFE	344
1030	#FFFDFE	344
1031	#FFFDFE	344
1032	#FFFDFE	344
1033	#FFFAFB	354
1034	#FFFAFB	354
1035	#FEF3F6	463
1036	#FFFAFB	354
1037	#FFFAFB	354
1038	#FFFAFB	354
1039	#FFFAFB	354
1040	#FFFAFB	354
1041	#FFFAFB	354
1042	#FFFAFB	354
1043	#FFFDFE	344
1044	#FFFDFE	344
1045	#FFFDFE	344
1046	#FEF3F6	463
1047	#FFFDFE	344
1048	#FFFDFE	344
1049	#FFFAFB	354
1050	#FFFAFB	354
1051	#FFFAFB	354
1052	#FFFAFB	354
1053	#FFFAFB	354
1054	#FFFAFB	354
1055	#FFFAFB	354
1056	#FEF3F6	463
1057	#FEF3F6	463
1058	#FEF3F6	463
1059	#FEF3F6	463
1060	#FFFDFE	344
1062	#FEF3F6	463
1063	#FEF3F6	463
1064	#FFFDFE	344
1065	#FFFDFE	344
1066	#FEF3F6	463
1067	#FEF3F6	463
1068	#FFFDFE	344
1069	#FFFDFE	344
1070	#FFFDFE	344
1071	#FFFDFE	344
1072	#FFFDFE	344
1073	#FFFDFE	344
1074	#FEF3F6	463
1075	#FFFDFE	344
1076	#FFFDFE	344
1077	#FFFDFE	344
1078	#FFFDFE	344
1079	#FFFDFE	344
1080	#FFFDFE	344
1081	#FFFDFE	344
1082	#FFFDFE	344
1083	#FFFDFE	344
1084	#FFFAFB	354
1085	#FEF3F6	463
1086	#FFFAFB	354
1087	#FFFAFB	354
1088	#FFFAFB	354
1089	#FFFAFB	354
1090	#FFFAFB	354
1091	#FFFAFB	354
1092	#FFFAFB	354
1093	#FFFDFE	344
1094	#FFFDFE	344
1095	#FFFDFE	344
1096	#FEF3F6	463
1097	#FFFDFE	344
1098	#FFFDFE	344
1099	#FFFDFE	344
1100	#FFFAFB	354
1101	#FFFAFB	354
1102	#FFFAFB	354
1103	#FFFAFB	354
1104	#FFFAFB	354
1105	#FFFAFB	354
1106	#FFFAFB	354
1107	#FEF3F6	463
1108	#FEF3F6	463
1109	#FEF3F6	463
1110	#FEF3F6	463
1111	#FEF3F6	463
1113	#FEF3F6	463
1114	#FEF3F6	463
1115	#FEF3F6	463
1116	#FEF3F6	463
1117	#FFFDFE	344
1118	#FEF3F6	463
1119	#FFFDFE	344
1120	#FFFDFE	344
1121	#FFFDFE	344
1122	#FFFDFE	344
1123	#FFFDFE	344
1124	#FFFDFE	344
1125	#FEF3F6	463
1126	#FFFDFE	344
1127	#FFFDFE	344
1128	#FFFDFE	344
1129	#FFFDFE	344
1130	#FFFDFE	344
1131	#FFFDFE	344
1132	#FFFDFE	344
1133	#FFFAFB	354
1134	#FFFAFB	354
1135	#FFFAFB	354
1136	#FEF3F6	463
1137	#FFFAFB	354
1138	#FFFAFB	354
1139	#FFFAFB	354
1140	#FFFAFB	354
1141	#FFFAFB	354
1142	#FFFAFB	354
1143	#FFFAFB	354
1144	#FFFDFE	344
1145	#FFFDFE	344
1146	#FFFDFE	344
1147	#FEF3F6	463
1148	#FFFDFE	344
1149	#FFFDFE	344
1150	#FFFAFB	354
1151	#FFFAFB	354
1152	#FFFAFB	354
1153	#FFFAFB	354
1154	#FFFAFB	354
1155	#FFFAFB	354
1156	#FFFAFB	354
1157	#FEF3F6	463
1158	#FEF3F6	463
1159	#FEF3F6	463
1160	#FEF3F6	463
1161	#FFFDFE	344
1163	#FEF3F6	463
1164	#FEF3F6	463
1165	#FEF3F6	463
1166	#FEF3F6	463
1167	#FEF3F6	463
1168	#FEF3F6	463
1169	#FEF3F6	463
1170	#E987AC	829
1171	#E987AC	829
1172	#E987AC	829
1173	#FFFDFE	344
1174	#FFFDFE	344
1175	#FEF3F6	463
1176	#FFFDFE	344
1177	#FEF3F6	463
1178	#FEF3F6	463
1179	#FEF3F6	463
1180	#FEF3F6	463
1181	#FEF3F6	463
1182	#FEF3F6	463
1183	#FEF3F6	463
1184	#FEF3F6	463
1185	#FEF3F6	463
1186	#FEF3F6	463
1187	#FEF3F6	463
1188	#FFFDFE	344
1189	#FFFDFE	344
1190	#FFFDFE	344
1191	#FFFDFE	344
1192	#FFFDFE	344
1193	#FFFDFE	344
1194	#FFFDFE	344
1195	#FFFDFE	344
1196	#FFFAFB	354
1197	#FEF3F6	463
1198	#FFFAFB	354
1199	#FFFAFB	354
1200	#FFFAFB	354
1201	#FFFAFB	354
1202	#FFFAFB	354
1203	#FFFAFB	354
1204	#FFFAFB	354
1205	#FFFAFB	354
1206	#FFFAFB	354
1207	#FFFAFB	354
1208	#FEF3F6	463
1209	#FEF3F6	463
1210	#FEF3F6	463
1211	#FEF3F6	463
1212	#FEF3F6	463
1214	#FEF3F6	463
1215	#FEF3F6	463
1216	#FEF3F6	463
1217	#FEF3F6	463
1218	#FEF3F6	463
1219	#FEF3F6	463
1220	#E987AC	829
1221	#E987AC	829
1222	#E987AC	829
1223	#FFFDFE	344
1224	#FFFDFE	344
1225	#FFFDFE	344
1226	#FEF3F6	463
1227	#FFFDFE	344
1228	#FFFDFE	344
1229	#FEF3F6	463
1230	#FEF3F6	463
1231	#FEF3F6	463
1232	#FEF3F6	463
1233	#FEF3F6	463
1234	#FEF3F6	463
1235	#FEF3F6	463
1236	#FEF3F6	463
1237	#FEF3F6	463
1238	#FFFDFE	344
1239	#FFFDFE	344
1240	#FFFDFE	344
1241	#FFFDFE	344
1242	#FFFDFE	344
1243	#FFFDFE	344
1244	#FFFAFB	354
1245	#FFFDFE	344
1246	#FFFAFB	354
1247	#FFFAFB	354
1248	#FEF3F6	463
1249	#FFFAFB	354
1250	#FFFAFB	354
1251	#FFFAFB	354
1252	#FFFAFB	354
1253	#FFFAFB	354
1254	#FFFAFB	354
1255	#FFFAFB	354
1256	#FFFAFB	354
1257	#FFFAFB	354
1258	#FEF3F6	463
1259	#FEF3F6	463
1260	#FEF3F6	463
1261	#FEF3F6	463
1262	#FEF3F6	463
1264	#FEF3F6	463
1265	#FEF3F6	463
1266	#FEF3F6	463
1267	#FEF3F6	463
1268	#FEF3F6	463
1269	#FFFDFE	344
1270	#FFFDFE	344
1271	#FFFDFE	344
1272	#FFFDFE	344
1273	#FFFDFE	344
1274	#FFFDFE	344
1275	#FFFDFE	344
1276	#FEF3F6	463
1277	#FFFDFE	344
1278	#FFFDFE	344
1279	#FFFDFE	344
1280	#FFFDFE	344
1281	#FFFDFE	344
1282	#FFFDFE	344
1283	#FFFDFE	344
1284	#FFFDFE	344
1285	#FFFAFB	354
1286	#FFFAFB	354
1287	#FEF3F6	463
1288	#FFFAFB	354
1289	#FFFDFE	344
1290	#FFFAFB	354
1291	#FFFAFB	354
1292	#FFFAFB	354
1293	#FFFAFB	354
1294	#FFFDFE	344
1295	#FFFDFE	344
1296	#FFFDFE	344
1297	#FFFDFE	344
1298	#FEF3F6	463
1299	#FFFDFE	344
1300	#FFFDFE	344
1301	#FFFAFB	354
1302	#FFFAFB	354
1303	#FFFAFB	354
1304	#FFFAFB	354
1305	#FFFAFB	354
1306	#FFFAFB	354
1307	#FFFAFB	354
1308	#FFFAFB	354
1309	#FEF3F6	463
1310	#FEF3F6	463
1311	#FEF3F6	463
1312	#FEF3F6	463
1313	#FEF3F6	463
1315	#FEF3F6	463
1316	#FEF3F6	463
1317	#FEF3F6	463
1318	#FEF3F6	463
1319	#FFFDFE	344
1320	#FFFDFE	344
1321	#FFFDFE	344
1322	#FFFDFE	344
1323	#FFFDFE	344
1324	#FFFDFE	344
1325	#FFFDFE	344
1326	#FFFDFE	344
1327	#FEF3F6	463
1328	#FFFDFE	344
1329	#FFFDFE	344
1330	#FFFDFE	344
1331	#FFFDFE	344
1332	#FFFDFE	344
1333	#FFFDFE	344
1334	#FFFDFE	344
1335	#FFFAFB	354
1336	#FFFAFB	354
1337	#FFFDFE	344
1338	#FEF3F6	463
1339	#FFFDFE	344
1340	#FFFAFB	354
1341	#FFFAFB	354
1342	#FFFAFB	354
1343	#FFFAFB	354
1344	#FFFAFB	354
1345	#FFFDFE	344
1346	#FFFDFE	344
1347	#FFFDFE	344
1348	#FFFDFE	344
1349	#FEF3F6	463
1350	#FFFDFE	344
1351	#FFFAFB	354
1352	#FFFAFB	354
1353	#FFFAFB	354
1354	#FFFAFB	354
1355	#FFFAFB	354
1356	#FFFAFB	354
1357	#FFFAFB	354
1358	#FFFAFB	354
1359	#FEF3F6	463
1360	#FEF3F6	463
1361	#FEF3F6	463
1362	#FEF3F6	463
1363	#FEF3F6	463
1365	#FEF3F6	463
1366	#FEF3F6	463
1367	#FEF3F6	463
1368	#FEF3F6	463
1369	#FEF3F6	463
1370	#FFFDFE	344
1371	#FFFDFE	344
1372	#FFFDFE	344
1373	#FFFDFE	344
1374	#FFFDFE	344
1375	#FFFDFE	344
1376	#FFFDFE	344
1377	#FEF3F6	463
1378	#FFFDFE	344
1379	#FFFDFE	344
1380	#FFFDFE	344
1381	#FFFDFE	344
1382	#FFFDFE	344
1383	#FFFDFE	344
1384	#FFFDFE	344
1385	#FFFDFE	344
1386	#FFFDFE	344
1387	#FFFDFE	344
1388	#FEF3F6	463
1389	#FFFDFE	344
1390	#FFFAFB	354
1391	#FFFAFB	354
1392	#FFFAFB	354
1393	#FFFAFB	354
1394	#FFFAFB	354
1395	#FFFAFB	354
1396	#FFFAFB	354
1397	#FFFDFE	344
1398	#FFFAFB	354
1399	#FEF3F6	463
1400	#FFFAFB	354
1401	#FFFDFE	344
1402	#FFFAFB	354
1403	#FFFAFB	354
1404	#FFFAFB	354
1405	#FFFAFB	354
1406	#FFFAFB	354
1407	#FFFAFB	354
1408	#FFFAFB	354
1409	#FFFAFB	354
1410	#FEF3F6	463
1411	#FEF3F6	463
1412	#FEF3F6	463
1413	#FEF3F6	463
1414	#FEF3F6	463
1416	#FEF3F6	463
1417	#FEF3F6	463
1418	#FEF3F6	463
1419	#FEF3F6	463
1420	#FFFDFE	344
1421	#FFFDFE	344
1422	#FFFDFE	344
1423	#FFFDFE	344
1424	#FFFDFE	344
1425	#FFFDFE	344
1426	#FFFDFE	344
1427	#FFFDFE	344
1428	#FEF3F6	463
1429	#FFFDFE	344
1430	#FFFDFE	344
1431	#FFFDFE	344
1432	#FFFDFE	344
1433	#FFFDFE	344
1434	#FFFDFE	344
1435	#FFFDFE	344
1436	#FFFDFE	344
1437	#FFFDFE	344
1438	#FFFDFE	344
1439	#FEF3F6	463
1440	#FFFAFB	354
1441	#FFFAFB	354
1442	#FFFAFB	354
1443	#FFFAFB	354
1444	#FFFAFB	354
1445	#FFFAFB	354
1446	#FFFAFB	354
1447	#FFFDFE	344
1448	#FFFAFB	354
1449	#FFFAFB	354
1450	#FEF3F6	463
1451	#FFFAFB	354
1452	#FFFAFB	354
1453	#FFFAFB	354
1454	#FFFAFB	354
1455	#FFFAFB	354
1456	#FFFAFB	354
1457	#FFFAFB	354
1458	#FFFAFB	354
1459	#FFFAFB	354
1460	#FEF3F6	463
1461	#FEF3F6	463
1462	#FEF3F6	463
1463	#FEF3F6	463
1464	#FEF3F6	463
1466	#FEF3F6	463
1467	#FEF3F6	463
1468	#FEF3F6	463
1469	#FEF3F6	463
1470	#FFFDFE	344
1471	#FFFDFE	344
1472	#FFFDFE	344
1473	#FFFDFE	344
1474	#FFFDFE	344
1475	#FFFDFE	344
1476	#FFFDFE	344
1477	#FFFDFE	344
1478	#FEF3F6	463
1479	#FFFDFE	344
1480	#FFFDFE	344
1481	#FFFDFE	344
1482	#FFFDFE	344
1483	#FFFDFE	344
1484	#FFFDFE	344
1485	#FFFDFE	344
1486	#FFFDFE	344
1487	#FFFDFE	344
1488	#FFFDFE	344
1489	#FEF3F6	463
1490	#FFFDFE	344
1491	#FFFAFB	354
1492	#FFFAFB	354
1493	#FFFAFB	354
1494	#FFFAFB	354
1495	#FFFAFB	354
1496	#FFFAFB	354
1497	#FFFDFE	344
1498	#FFFAFB	354
1499	#FFFAFB	354
1500	#FEF3F6	463
1501	#FFFAFB	354
1502	#FFFAFB	354
1503	#FFFAFB	354
1504	#FFFAFB	354
1505	#FFFAFB	354
1506	#FFFAFB	354
1507	#FFFAFB	354
1508	#FFFAFB	354
1509	#FFFAFB	354
1510	#FFFAFB	354
1511	#FEF3F6	463
1512	#FEF3F6	463
1513	#FEF3F6	463
1514	#FEF3F6	463
1515	#FEF3F6	463
1517	#FEF3F6	463
1518	#FEF3F6	463
1519	#FEF3F6	463
1520	#FFFDFE	344
1521	#FEF3F6	463
1522	#FFFDFE	344
1523	#FEF3F6	463
1524	#FFFDFE	344
1525	#FFFDFE	344
1526	#FFFDFE	344
1527	#FFFDFE	344
1528	#FFFDFE	344
1529	#FEF3F6	463
1530	#FFFDFE	344
1531	#FFFDFE	344
1532	#FFFDFE	344
1533	#FFFDFE	344
1534	#FFFDFE	344
1535	#FFFDFE	344
1536	#FFFDFE	344
1537	#FFFDFE	344
1538	#FFFDFE	344
1539	#FFFAFB	354
1540	#FEF3F6	463
1541	#FFFAFB	354
1542	#FFFAFB	354
1543	#FFFAFB	354
1544	#FFFAFB	354
1545	#FFFAFB	354
1546	#FFFAFB	354
1547	#FFFAFB	354
1548	#FFFAFB	354
1549	#FFFAFB	354
1550	#FFFAFB	354
1551	#FEF3F6	463
1552	#FFFAFB	354
1553	#FFFAFB	354
1554	#FFFAFB	354
1555	#FFFAFB	354
1556	#FFFAFB	354
1557	#FFFAFB	354
1558	#FFFAFB	354
1559	#FFFAFB	354
1560	#FFFAFB	354
1561	#FEF3F6	463
1562	#FEF3F6	463
1563	#FEF3F6	463
1564	#FEF3F6	463
1565	#FEF3F6	463
1567	#FEF3F6	463
1568	#FEF3F6	463
1569	#FEF3F6	463
1570	#FFFDFE	344
1571	#FEF3F6	463
1572	#FEF3F6	463
1573	#FFFDFE	344
1574	#FEF3F6	463
1575	#FFFDFE	344
1576	#FFFDFE	344
1577	#FFFDFE	344
1578	#FFFDFE	344
1579	#FEF3F6	463
1580	#FFFDFE	344
1581	#FFFDFE	344
1582	#FFFDFE	344
1583	#FFFDFE	344
1584	#FFFDFE	344
1585	#FFFDFE	344
1586	#FFFDFE	344
1587	#FFFDFE	344
1588	#FFFDFE	344
1589	#FFFDFE	344
1590	#FEF3F6	463
1591	#FFFAFB	354
1592	#FFFAFB	354
1593	#FFFAFB	354
1594	#FFFAFB	354
1595	#FFFAFB	354
1596	#FFFAFB	354
1597	#FFFAFB	354
1598	#FFFAFB	354
1599	#FFFAFB	354
1600	#FFFAFB	354
1601	#FEF3F6	463
1602	#FFFAFB	354
1603	#FFFAFB	354
1604	#FFFAFB	354
1605	#FFFAFB	354
1606	#FFFAFB	354
1607	#FFFAFB	354
1608	#FFFAFB	354
1609	#FFFAFB	354
1610	#FFFAFB	354
1611	#FFFAFB	354
1612	#FEF3F6	463
1613	#FEF3F6	463
1614	#FEF3F6	463
1615	#FEF3F6	463
1616	#FEF3F6	463
1618	#FEF3F6	463
1619	#FEF3F6	463
1620	#FFFDFE	344
1621	#FEF3F6	463
1622	#FEF3F6	463
1623	#FEF3F6	463
1624	#FEF3F6	463
1625	#FFFDFE	344
1626	#FFFDFE	344
1627	#FFFDFE	344
1628	#FFFDFE	344
1629	#FFFDFE	344
1630	#FEF3F6	463
1631	#FFFDFE	344
1632	#FFFDFE	344
1633	#FFFDFE	344
1634	#FFFDFE	344
1635	#FFFDFE	344
1636	#FFFDFE	344
1637	#FFFDFE	344
1638	#FFFDFE	344
1639	#FFFDFE	344
1640	#FFFAFB	354
1641	#FEF3F6	463
1642	#FFFAFB	354
1643	#FFFAFB	354
1644	#FFFAFB	354
1645	#FFFAFB	354
1646	#FFFAFB	354
1647	#FFFAFB	354
1648	#FFFAFB	354
1649	#FFFAFB	354
1650	#FFFAFB	354
1651	#FFFAFB	354
1652	#FEF3F6	463
1653	#FFFAFB	354
1654	#FFFAFB	354
1655	#FFFAFB	354
1656	#FFFAFB	354
1657	#FFFAFB	354
1658	#FFFAFB	354
1659	#FFFAFB	354
1660	#FFFAFB	354
1661	#FFFAFB	354
1662	#FEF3F6	463
1663	#FEF3F6	463
1664	#FEF3F6	463
1665	#FEF3F6	463
1666	#FEF3F6	463
1668	#FEF3F6	463
1669	#FEF3F6	463
1670	#FEF3F6	463
1671	#FEF3F6	463
1672	#FEF3F6	463
1673	#FEF3F6	463
1674	#FEF3F6	463
1675	#FFFDFE	344
1676	#FFFDFE	344
1677	#FFFDFE	344
1678	#FFFDFE	344
1679	#FFFDFE	344
1680	#FEF3F6	463
1681	#FFFDFE	344
1682	#FFFDFE	344
1683	#FFFDFE	344
1684	#FFFDFE	344
1685	#FFFDFE	344
1686	#FFFDFE	344
1687	#FFFDFE	344
1688	#FFFDFE	344
1689	#FFFDFE	344
1690	#FFFDFE	344
1691	#FEF3F6	463
1692	#FFFAFB	354
1693	#FFFAFB	354
1694	#FFFAFB	354
1695	#FFFAFB	354
1696	#FFFAFB	354
1697	#FFFAFB	354
1698	#FFFAFB	354
1699	#FFFAFB	354
1700	#FFFAFB	354
1701	#FFFAFB	354
1702	#FEF3F6	463
1703	#FFFAFB	354
1704	#FFFAFB	354
1705	#FFFAFB	354
1706	#FFFAFB	354
1707	#FFFAFB	354
1708	#FFFAFB	354
1709	#FFFAFB	354
1710	#FFFAFB	354
1711	#FFFAFB	354
1712	#FFFAFB	354
1713	#FEF3F6	463
1714	#FEF3F6	463
1715	#FEF3F6	463
1716	#FEF3F6	463
1717	#FEF3F6	463
1719	#FEF3F6	463
1720	#FEF3F6	463
1721	#FEF3F6	463
1722	#FEF3F6	463
1723	#FEF3F6	463
1724	#FEF3F6	463
1725	#FEF3F6	463
1726	#FFFDFE	344
1727	#FFFDFE	344
1728	#FFFDFE	344
1729	#FFFDFE	344
1730	#FFFDFE	344
1731	#FEF3F6	463
1732	#FFFDFE	344
1733	#FFFDFE	344
1734	#FFFDFE	344
1735	#FFFDFE	344
1736	#FFFDFE	344
1737	#FFFDFE	344
1738	#FFFDFE	344
1739	#FFFDFE	344
1740	#FFFDFE	344
1741	#FFFDFE	344
1742	#FEF3F6	463
1743	#FFFAFB	354
1744	#FFFAFB	354
1745	#FFFAFB	354
1746	#FFFAFB	354
1747	#FFFAFB	354
1748	#FFFAFB	354
1749	#FFFAFB	354
1750	#FFFAFB	354
1751	#FFFAFB	354
1752	#FFFAFB	354
1753	#FEF3F6	463
1754	#FFFAFB	354
1755	#FFFAFB	354
1756	#FFFAFB	354
1757	#FFFAFB	354
1758	#FFFAFB	354
1759	#FFFAFB	354
1760	#FFFAFB	354
1761	#FFFAFB	354
1762	#FFFAFB	354
1763	#FEF3F6	463
1764	#FEF3F6	463
1765	#FEF3F6	463
1766	#FEF3F6	463
1767	#FEF3F6	463
1769	#FEF3F6	463
1770	#FEF3F6	463
1771	#FEF3F6	463
1772	#FEF3F6	463
1773	#FEF3F6	463
1774	#FEF3F6	463
1775	#FEF3F6	463
1776	#FEF3F6	463
1777	#FEF3F6	463
1778	#FFFDFE	344
1779	#FFFDFE	344
1780	#FFFDFE	344
1781	#FEF3F6	463
1782	#FFFDFE	344
1783	#FFFDFE	344
1784	#FFFDFE	344
1785	#FFFDFE	344
1786	#FFFDFE	344
1787	#FFFDFE	344
1788	#FFFDFE	344
1789	#FFFDFE	344
1790	#FFFDFE	344
1791	#FFFDFE	344
1792	#FEF3F6	463
1793	#FFFDFE	344
1794	#FFFAFB	354
1795	#FFFAFB	354
1796	#FFFAFB	354
1797	#FFFAFB	354
1798	#FFFAFB	354
1799	#FFFAFB	354
1800	#FFFAFB	354
1801	#FFFAFB	354
1802	#FFFAFB	354
1803	#FEF3F6	463
1804	#FFFAFB	354
1805	#FFFAFB	354
1806	#FFFAFB	354
1807	#FFFAFB	354
1808	#FFFAFB	354
1809	#FFFAFB	354
1810	#FFFAFB	354
1811	#FFFAFB	354
1812	#FFFAFB	354
1813	#FFFAFB	354
1814	#FEF3F6	463
1815	#FEF3F6	463
1816	#FEF3F6	463
1817	#FEF3F6	463
1818	#FEF3F6	463
1820	#FEF3F6	463
1821	#FEF3F6	463
1822	#FEF3F6	463
1823	#FEF3F6	463
1824	#FEF3F6	463
1825	#FEF3F6	463
1826	#FFFDFE	344
1827	#FEF3F6	463
1828	#FFFDFE	344
1829	#FFFDFE	344
1830	#FFFDFE	344
1831	#FFFDFE	344
1832	#FEF3F6	463
1833	#FFFDFE	344
1834	#FFFDFE	344
1835	#FFFDFE	344
1836	#FFFDFE	344
1837	#FFFDFE	344
1838	#FFFDFE	344
1839	#FFFDFE	344
1840	#FFFDFE	344
1841	#FFFDFE	344
1842	#FFFDFE	344
1843	#FEF3F6	463
1844	#FFFAFB	354
1845	#FFFAFB	354
1846	#FFFAFB	354
1847	#FFFAFB	354
1848	#FFFAFB	354
1849	#FFFAFB	354
1850	#FFFAFB	354
1851	#FFFAFB	354
1852	#FFFAFB	354
1853	#FFFAFB	354
1854	#FEF3F6	463
1855	#FFFAFB	354
1856	#FFFAFB	354
1857	#FFFAFB	354
1858	#FFFAFB	354
1859	#FFFAFB	354
1860	#FFFAFB	354
1861	#FFFAFB	354
1862	#FFFAFB	354
1863	#FFFAFB	354
1864	#FEF3F6	463
1865	#FEF3F6	463
1866	#FEF3F6	463
1867	#FEF3F6	463
1868	#FEF3F6	463
1870	#FEF3F6	463
1871	#FEF3F6	463
1872	#FEF3F6	463
1873	#FEF3F6	463
1874	#FEF3F6	463
1875	#FEF3F6	463
1876	#FFFDFE	344
1877	#FFFDFE	344
1878	#FFFDFE	344
1879	#FFFDFE	344
1880	#FFFDFE	344
1881	#FFFDFE	344
1882	#FEF3F6	463
1883	#FFFDFE	344
1884	#FFFDFE	344
1885	#FFFDFE	344
1886	#FFFDFE	344
1887	#FFFDFE	344
1888	#FFFDFE	344
1889	#FFFDFE	344
1890	#FFFDFE	344
1891	#FFFDFE	344
1892	#FFFDFE	344
1893	#FEF3F6	463
1894	#FFFDFE	344
1895	#FFFAFB	354
1896	#FFFAFB	354
1897	#FFFAFB	354
1898	#FFFAFB	354
1899	#FFFAFB	354
1900	#FFFAFB	354
1901	#FFFAFB	354
1902	#FFFAFB	354
1903	#FFFAFB	354
1904	#FEF3F6	463
1905	#FFFAFB	354
1906	#FFFAFB	354
1907	#FFFAFB	354
1908	#FFFAFB	354
1909	#FFFAFB	354
1910	#FFFAFB	354
1911	#FFFAFB	354
1912	#FFFAFB	354
1913	#FFFAFB	354
1914	#FFFAFB	354
1915	#FEF3F6	463
1916	#FEF3F6	463
1917	#FEF3F6	463
1918	#FEF3F6	463
1919	#FEF3F6	463
1921	#FEF3F6	463
1922	#FEF3F6	463
1923	#FEF3F6	463
1924	#FEF3F6	463
1925	#FEF3F6	463
1926	#FEF3F6	463
1927	#FFFDFE	344
1928	#FFFDFE	344
1929	#FFFDFE	344
1930	#FFFDFE	344
1931	#FFFDFE	344
1932	#FFFDFE	344
1933	#FEF3F6	463
1934	#FFFDFE	344
1935	#FFFDFE	344
1936	#FFFDFE	344
1937	#FFFDFE	344
1938	#FFFDFE	344
1939	#FFFDFE	344
1940	#FFFDFE	344
1941	#FFFDFE	344
1942	#FFFDFE	344
1943	#FFFDFE	344
1944	#FEF3F6	463
1945	#FFFDFE	344
1946	#FFFAFB	354
1947	#FFFAFB	354
1948	#FFFDFE	344
1949	#FFFDFE	344
1950	#FFFDFE	344
1951	#FFFAFB	354
1952	#FFFAFB	354
1953	#FFFAFB	354
1954	#FFFAFB	354
1955	#FEF3F6	463
1956	#FFFAFB	354
1957	#FFFAFB	354
1958	#FFFAFB	354
1959	#FFFAFB	354
1960	#FFFAFB	354
1961	#FFFAFB	354
1962	#FFFAFB	354
1963	#FFFAFB	354
1964	#FFFAFB	354
1965	#FEF3F6	463
1966	#FEF3F6	463
1967	#FEF3F6	463
1968	#FEF3F6	463
1969	#FEF3F6	463
1971	#FEF3F6	463
1972	#FEF3F6	463
1973	#FEF3F6	463
1974	#FEF3F6	463
1975	#FEF3F6	463
1976	#FEF3F6	463
1977	#FEF3F6	463
1978	#FFFDFE	344
1979	#FFFDFE	344
1980	#FFFDFE	344
1981	#FFFDFE	344
1982	#FFFDFE	344
1983	#FEF3F6	463
1984	#FFFDFE	344
1985	#FFFDFE	344
1986	#FFFDFE	344
1987	#FFFDFE	344
1988	#FFFDFE	344
1989	#FFFDFE	344
1990	#FFFDFE	344
1991	#FFFDFE	344
1992	#FFFDFE	344
1993	#FFFDFE	344
1994	#FEF3F6	463
1995	#FFFDFE	344
1996	#FFFDFE	344
1997	#FFFDFE	344
1998	#FFFAFB	354
1999	#FFFDFE	344
2000	#FFFDFE	344
2001	#FFFAFB	354
2002	#FFFAFB	354
2003	#FFFAFB	354
2004	#FFFAFB	354
2005	#FEF3F6	463
2006	#FFFAFB	354
2007	#FFFAFB	354
2008	#FFFAFB	354
2009	#FFFAFB	354
2010	#FFFAFB	354
2011	#FFFAFB	354
2012	#FFFAFB	354
2013	#FFFAFB	354
2014	#FFFAFB	354
2015	#FFFAFB	354
2016	#FEF3F6	463
2017	#FEF3F6	463
2018	#FEF3F6	463
2019	#FEF3F6	463
2020	#FEF3F6	463
2022	#FEF3F6	463
2023	#FEF3F6	463
2024	#FEF3F6	463
2025	#FEF3F6	463
2026	#FEF3F6	463
2027	#FFFDFE	344
2028	#FFFDFE	344
2029	#FFFDFE	344
2030	#FFFDFE	344
2031	#FFFDFE	344
2032	#FFFDFE	344
2033	#FFFDFE	344
2034	#FEF3F6	463
2035	#FFFDFE	344
2036	#FFFDFE	344
2037	#FFFDFE	344
2038	#FFFDFE	344
2039	#FFFDFE	344
2040	#FFFDFE	344
2041	#FFFDFE	344
2042	#FFFDFE	344
2043	#FFFDFE	344
2044	#FFFDFE	344
2045	#FEF3F6	463
2046	#FFFDFE	344
2047	#FFFDFE	344
2048	#FFFAFB	354
2049	#FFFDFE	344
2050	#FFFDFE	344
2051	#FFFAFB	354
2052	#FFFAFB	354
2053	#FFFAFB	354
2054	#FFFAFB	354
2055	#FFFAFB	354
2056	#FEF3F6	463
2057	#FFFAFB	354
2058	#FFFAFB	354
2059	#FFFAFB	354
2060	#FFFAFB	354
2061	#FFFAFB	354
2062	#FFFAFB	354
2063	#FFFAFB	354
2064	#FFFAFB	354
2065	#FFFAFB	354
2066	#FEF3F6	463
2067	#FEF3F6	463
2068	#FEF3F6	463
2069	#FEF3F6	463
2070	#FEF3F6	463
2072	#FEF3F6	463
2073	#FEF3F6	463
2074	#FEF3F6	463
2075	#FEF3F6	463
2076	#FEF3F6	463
2077	#FFFDFE	344
2078	#FFFDFE	344
2079	#FFFDFE	344
2080	#FFFDFE	344
2081	#FFFDFE	344
2082	#FFFDFE	344
2083	#FFFDFE	344
2084	#FEF3F6	463
2085	#FFFDFE	344
2086	#FFFDFE	344
2087	#FFFDFE	344
2088	#FFFDFE	344
2089	#FFFDFE	344
2090	#FFFDFE	344
2091	#FFFDFE	344
2092	#FFFDFE	344
2093	#FFFDFE	344
2094	#FFFDFE	344
2095	#FEF3F6	463
2096	#FFFDFE	344
2097	#FFFDFE	344
2098	#FFFAFB	354
2099	#FFFAFB	354
2100	#FFFDFE	344
2101	#FFFAFB	354
2102	#FFFAFB	354
2103	#FFFAFB	354
2104	#FFFAFB	354
2105	#FFFAFB	354
2106	#FEF3F6	463
2107	#FFFAFB	354
2108	#FFFAFB	354
2109	#FFFAFB	354
2110	#FFFAFB	354
2111	#FFFAFB	354
2112	#FFFAFB	354
2113	#FFFAFB	354
2114	#FFFAFB	354
2115	#FFFAFB	354
2116	#FFFAFB	354
2117	#FEF3F6	463
2118	#FEF3F6	463
2119	#FEF3F6	463
2120	#FEF3F6	463
2121	#FEF3F6	463
2123	#FEF3F6	463
2124	#FEF3F6	463
2125	#FEF3F6	463
2126	#FFFDFE	344
2127	#FFFDFE	344
2128	#FFFDFE	344
2129	#FFFDFE	344
2130	#FFFDFE	344
2131	#FFFDFE	344
2132	#FFFDFE	344
2133	#FFFDFE	344
2134	#FFFDFE	344
2135	#FEF3F6	463
2136	#FFFDFE	344
2137	#FFFDFE	344
2138	#FFFDFE	344
2139	#FFFDFE	344
2140	#FFFDFE	344
2141	#FFFDFE	344
2142	#FFFDFE	344
2143	#FFFDFE	344
2144	#FFFDFE	344
2145	#FFFDFE	344
2146	#FEF3F6	463
2147	#FFFDFE	344
2148	#FFFAFB	354
2149	#FFFAFB	354
2150	#FFFDFE	344
2151	#FFFDFE	344
2152	#FFFDFE	344
2153	#FFFAFB	354
2154	#FFFAFB	354
2155	#FFFAFB	354
2156	#FFFAFB	354
2157	#FEF3F6	463
2158	#FFFAFB	354
2159	#FFFAFB	354
2160	#FFFAFB	354
2161	#FFFAFB	354
2162	#FFFAFB	354
2163	#FFFAFB	354
2164	#FFFAFB	354
2165	#FFFAFB	354
2166	#FFFAFB	354
2167	#FEF3F6	463
2168	#FEF3F6	463
2169	#FFFDFE	344
2170	#FEF3F6	463
2171	#FEF3F6	463
2173	#FEF3F6	463
2174	#FEF3F6	463
2175	#FEF3F6	463
2176	#FEF3F6	463
2177	#FFFDFE	344
2178	#FFFDFE	344
2179	#FFFDFE	344
2180	#FFFDFE	344
2181	#FFFDFE	344
2182	#FFFDFE	344
2183	#FFFDFE	344
2184	#FFFDFE	344
2185	#FEF3F6	463
2186	#FFFDFE	344
2187	#FFFDFE	344
2188	#FFFDFE	344
2189	#FFFDFE	344
2190	#FFFDFE	344
2191	#FFFDFE	344
2192	#FFFDFE	344
2193	#FFFDFE	344
2194	#FFFDFE	344
2195	#FFFDFE	344
2196	#FEF3F6	463
2197	#FFFDFE	344
2198	#FFFAFB	354
2199	#FFFAFB	354
2200	#FFFAFB	354
2201	#FFFDFE	344
2202	#FFFDFE	344
2203	#FFFAFB	354
2204	#FFFAFB	354
2205	#FFFAFB	354
2206	#FFFAFB	354
2207	#FEF3F6	463
2208	#FFFAFB	354
2209	#FFFAFB	354
2210	#FFFAFB	354
2211	#FFFAFB	354
2212	#FFFAFB	354
2213	#FFFAFB	354
2214	#FFFAFB	354
2215	#FFFAFB	354
2216	#FFFAFB	354
2217	#F2ACC4	730
2218	#FEF3F6	463
2219	#FEF3F6	463
2220	#FEF3F6	463
2221	#FFFDFE	344
2222	#FFFDFE	344
2224	#FEF3F6	463
2225	#FEF3F6	463
2226	#FFFDFE	344
2227	#FFFDFE	344
2228	#FFFDFE	344
2229	#FFFDFE	344
2230	#FFFDFE	344
2231	#FFFDFE	344
2232	#FFFDFE	344
2233	#FFFDFE	344
2234	#FFFDFE	344
2235	#FFFDFE	344
2236	#FEF3F6	463
2237	#FFFDFE	344
2238	#FFFDFE	344
2239	#FFFDFE	344
2240	#FFFDFE	344
2241	#FFFDFE	344
2242	#FFFDFE	344
2243	#FFFDFE	344
2244	#FFFDFE	344
2245	#FFFDFE	344
2246	#FFFDFE	344
2247	#FEF3F6	463
2248	#FFFDFE	344
2249	#FFFDFE	344
2250	#FFFDFE	344
2251	#FFFAFB	354
2252	#FFFDFE	344
2253	#FFFAFB	354
2254	#FFFAFB	354
2255	#FFFAFB	354
2256	#FFFAFB	354
2257	#FFFAFB	354
2258	#FEF3F6	463
2259	#FFFAFB	354
2260	#FFFAFB	354
2261	#FFFAFB	354
2262	#FFFAFB	354
2263	#FFFAFB	354
2264	#FFFAFB	354
2265	#F2ACC4	730
2266	#FFFAFB	354
2267	#F2ACC4	730
2268	#FFFDFE	344
2269	#FFFDFE	344
2270	#FFFDFE	344
2271	#FFFDFE	344
2272	#FFFDFE	344
2274	#FEF3F6	463
2275	#FEF3F6	463
2276	#FEF3F6	463
2277	#FEF3F6	463
2278	#FEF3F6	463
2279	#FEF3F6	463
2280	#FEF3F6	463
2281	#E987AC	829
2282	#E987AC	829
2283	#E987AC	829
2284	#FFFDFE	344
2285	#FFFDFE	344
2286	#FEF3F6	463
2287	#FFFDFE	344
2288	#FFFDFE	344
2289	#FEF3F6	463
2290	#FEF3F6	463
2291	#FEF3F6	463
2292	#FEF3F6	463
2293	#FEF3F6	463
2294	#FEF3F6	463
2295	#FEF3F6	463
2296	#FEF3F6	463
2297	#FEF3F6	463
2298	#FEF3F6	463
2299	#FFFDFE	344
2300	#FFFDFE	344
2301	#FFFDFE	344
2302	#FFFDFE	344
2303	#FFFDFE	344
2304	#FFFAFB	354
2305	#FFFAFB	354
2306	#FFFAFB	354
2307	#FFFAFB	354
2308	#FEF3F6	463
2309	#FFFAFB	354
2310	#FFFAFB	354
2311	#FFFAFB	354
2312	#FFFAFB	354
2313	#FFFAFB	354
2314	#FFFAFB	354
2315	#FFFAFB	354
2316	#FFFAFB	354
2317	#FFFAFB	354
2318	#FFFAFB	354
2319	#FEF3F6	463
2320	#FEF3F6	463
2321	#FEF3F6	463
2322	#FEF3F6	463
2323	#FEF3F6	463
2325	#FEF3F6	463
2326	#FEF3F6	463
2327	#FEF3F6	463
2328	#FEF3F6	463
2329	#E987AC	829
2330	#E987AC	829
2331	#E987AC	829
2332	#E987AC	829
2333	#E987AC	829
2334	#E987AC	829
2335	#FFFDFE	344
2336	#FFFDFE	344
2337	#FEF3F6	463
2338	#FFFDFE	344
2339	#FFFDFE	344
2340	#FFFDFE	344
2341	#FEF3F6	463
2342	#FEF3F6	463
2343	#FEF3F6	463
2344	#FEF3F6	463
2345	#FEF3F6	463
2346	#FEF3F6	463
2347	#FEF3F6	463
2348	#FEF3F6	463
2349	#FEF3F6	463
2350	#FFFDFE	344
2351	#FFFDFE	344
2352	#FFFDFE	344
2353	#FFFDFE	344
2354	#FFFAFB	354
2355	#FFFAFB	354
2356	#FFFAFB	354
2357	#FFFAFB	354
2358	#FFFAFB	354
2359	#FEF3F6	463
2360	#FFFAFB	354
2361	#FFFAFB	354
2362	#FFFAFB	354
2363	#FFFAFB	354
2364	#FFFAFB	354
2365	#FFFAFB	354
2366	#FFFAFB	354
2367	#FFFAFB	354
2368	#FFFAFB	354
2369	#FEF3F6	463
2370	#FEF3F6	463
2371	#FEF3F6	463
2372	#FEF3F6	463
2373	#FEF3F6	463
2375	#FEF3F6	463
2376	#FEF3F6	463
2377	#FFFDFE	344
2378	#FFFDFE	344
2379	#FFFDFE	344
2380	#FFFDFE	344
2381	#FFFDFE	344
2382	#FFFDFE	344
2383	#FFFDFE	344
2384	#FFFDFE	344
2385	#FFFDFE	344
2386	#FFFDFE	344
2387	#FEF3F6	463
2388	#FFFDFE	344
2389	#FFFDFE	344
2390	#FFFDFE	344
2391	#FFFDFE	344
2392	#FFFDFE	344
2393	#FFFDFE	344
2394	#FFFDFE	344
2395	#FFFDFE	344
2396	#FFFDFE	344
2397	#FFFDFE	344
2398	#FEF3F6	463
2399	#FFFDFE	344
2400	#FFFDFE	344
2401	#FFFDFE	344
2402	#FFFDFE	344
2403	#FFFDFE	344
2404	#FFFAFB	354
2405	#FFFAFB	354
2406	#FFFAFB	354
2407	#FFFAFB	354
2408	#FFFAFB	354
2409	#FEF3F6	463
2410	#FFFAFB	354
2411	#FFFAFB	354
2412	#FFFAFB	354
2413	#FFFAFB	354
2414	#FFFAFB	354
2415	#FFFAFB	354
2416	#FFFAFB	354
2417	#F2ACC4	730
2418	#F2ACC4	730
2419	#FFFAFB	354
2420	#FEF3F6	463
2421	#FFFDFE	344
2422	#FFFDFE	344
2423	#FFFDFE	344
2424	#FFFDFE	344
2426	#FEF3F6	463
2427	#FEF3F6	463
2428	#FFFDFE	344
2429	#FFFDFE	344
2430	#FFFDFE	344
2431	#FFFDFE	344
2432	#FFFDFE	344
2433	#FFFDFE	344
2434	#FFFDFE	344
2435	#FFFDFE	344
2436	#FFFDFE	344
2437	#FFFDFE	344
2438	#FEF3F6	463
2439	#FFFDFE	344
2440	#FFFDFE	344
2441	#FFFDFE	344
2442	#FFFDFE	344
2443	#FFFDFE	344
2444	#FFFDFE	344
2445	#FFFDFE	344
2446	#FFFDFE	344
2447	#FFFDFE	344
2448	#FFFDFE	344
2449	#FEF3F6	463
2450	#FFFDFE	344
2451	#FFFDFE	344
2452	#FFFDFE	344
2453	#FFFDFE	344
2454	#FFFAFB	354
2455	#FFFAFB	354
2456	#FFFAFB	354
2457	#FFFAFB	354
2458	#FFFAFB	354
2459	#FFFAFB	354
2460	#FEF3F6	463
2461	#FFFAFB	354
2462	#FFFAFB	354
2463	#FFFAFB	354
2464	#FFFAFB	354
2465	#FFFAFB	354
2466	#FFFAFB	354
2467	#FFFAFB	354
2468	#F2ACC4	730
2469	#FFFAFB	354
2470	#FEF3F6	463
2471	#FFFDFE	344
2472	#CD1076	610
2473	#CD1076	610
2474	#FFFDFE	344
2476	#FEF3F6	463
2477	#FEF3F6	463
2478	#FFFDFE	344
2479	#FFFDFE	344
2480	#FFFDFE	344
2481	#FFFDFE	344
2482	#FFFDFE	344
2483	#FFFDFE	344
2484	#FFFDFE	344
2485	#FFFDFE	344
2486	#FFFDFE	344
2487	#FFFDFE	344
2488	#FEF3F6	463
2489	#FFFDFE	344
2490	#FFFDFE	344
2491	#FFFDFE	344
2492	#FFFDFE	344
2493	#FFFDFE	344
2494	#FFFDFE	344
2495	#FFFDFE	344
2496	#FFFDFE	344
2497	#FFFDFE	344
2498	#FFFDFE	344
2499	#FEF3F6	463
2500	#FFFDFE	344
2501	#FFFDFE	344
2502	#FFFDFE	344
2503	#FFFDFE	344
2504	#FFFAFB	354
2505	#FFFAFB	354
2506	#FFFAFB	354
2507	#FFFAFB	354
2508	#FFFAFB	354
2509	#FFFAFB	354
2510	#FEF3F6	463
2511	#FFFAFB	354
2512	#FFFAFB	354
2513	#FFFAFB	354
2514	#FFFAFB	354
2515	#FFFAFB	354
2516	#FFFAFB	354
2517	#F2ACC4	730
2518	#F2ACC4	730
2519	#F2ACC4	730
2520	#FFFAFB	354
2521	#FEF3F6	463
2522	#FEF3F6	463
2523	#CD1076	610
2524	#CD1076	610
2525	#CD1076	610
2527	#FEF3F6	463
2528	#FEF3F6	463
2529	#FFFDFE	344
2530	#FFFDFE	344
2531	#FFFDFE	344
2532	#FFFDFE	344
2533	#FFFDFE	344
2534	#FFFDFE	344
2535	#FFFDFE	344
2536	#FFFDFE	344
2537	#FFFDFE	344
2538	#FFFDFE	344
2539	#FEF3F6	463
2540	#FFFDFE	344
2541	#FFFDFE	344
2542	#FFFDFE	344
2543	#FFFDFE	344
2544	#FFFDFE	344
2545	#FFFDFE	344
2546	#FFFDFE	344
2547	#FFFDFE	344
2548	#FFFDFE	344
2549	#FFFDFE	344
2550	#FEF3F6	463
2551	#FFFDFE	344
2552	#FFFDFE	344
2553	#FFFAFB	354
2554	#FFFDFE	344
2555	#FFFAFB	354
2556	#FFFAFB	354
2557	#FFFAFB	354
2558	#FFFAFB	354
2559	#FFFAFB	354
2560	#FFFAFB	354
2561	#FEF3F6	463
2562	#FFFAFB	354
2563	#FFFAFB	354
2564	#FFFAFB	354
2565	#FFFAFB	354
2566	#FFFAFB	354
2567	#F2ACC4	730
2568	#F2ACC4	730
2569	#F2ACC4	730
2570	#FFFAFB	354
2571	#FEF3F6	463
2572	#CD1076	610
2573	#CD1076	610
2574	#CD1076	610
2575	#CD1076	610
2577	#FEF3F6	463
2578	#FEF3F6	463
2579	#FFFDFE	344
2580	#FFFDFE	344
2581	#FFFDFE	344
2582	#FFFDFE	344
2583	#FFFDFE	344
2584	#FFFDFE	344
2585	#FFFDFE	344
2586	#FFFDFE	344
2587	#FFFDFE	344
2588	#FFFDFE	344
2589	#FEF3F6	463
2590	#FFFDFE	344
2591	#FFFDFE	344
2592	#FFFDFE	344
2593	#FFFDFE	344
2594	#FFFDFE	344
2595	#FFFDFE	344
2596	#FFFDFE	344
2597	#FFFDFE	344
2598	#FFFDFE	344
2599	#FFFDFE	344
2600	#FEF3F6	463
2601	#FFFDFE	344
2602	#FFFDFE	344
2603	#FFFDFE	344
2604	#FFFAFB	354
2605	#FFFAFB	354
2606	#FFFAFB	354
2607	#FFFAFB	354
2608	#FFFAFB	354
2609	#FFFAFB	354
2610	#FFFAFB	354
2611	#FEF3F6	463
2612	#FFFAFB	354
2613	#FFFAFB	354
2614	#FFFAFB	354
2615	#FFFAFB	354
2616	#FFFAFB	354
2617	#FFFAFB	354
2618	#F2ACC4	730
2619	#F2ACC4	730
2620	#FFFAFB	354
2621	#FFFAFB	354
2622	#FEF3F6	463
2623	#CD1076	610
2624	#CD1076	610
2625	#CD1076	610
2626	#CD1076	610
2628	#FEF3F6	463
2629	#FEF3F6	463
2630	#FFFDFE	344
2631	#FFFDFE	344
2632	#FFFDFE	344
2633	#FFFDFE	344
2634	#FFFDFE	344
2635	#FFFDFE	344
2636	#FFFDFE	344
2637	#FFFDFE	344
2638	#FFFDFE	344
2639	#FFFDFE	344
2640	#FEF3F6	463
2641	#FFFDFE	344
2642	#FFFDFE	344
2643	#FFFDFE	344
2644	#FFFDFE	344
2645	#FFFDFE	344
2646	#FFFDFE	344
2647	#FFFDFE	344
2648	#FFFDFE	344
2649	#FFFDFE	344
2650	#FFFDFE	344
2651	#FEF3F6	463
2652	#FFFDFE	344
2653	#FFFDFE	344
2654	#FFFDFE	344
2655	#FFFAFB	354
2656	#FFFAFB	354
2657	#FFFAFB	354
2658	#FFFAFB	354
2659	#FFFAFB	354
2660	#FFFAFB	354
2661	#FFFAFB	354
2662	#FEF3F6	463
2663	#FFFAFB	354
2664	#FFFAFB	354
2665	#FFFAFB	354
2666	#FFFAFB	354
2667	#FFFAFB	354
2668	#F2ACC4	730
2669	#F2ACC4	730
2670	#F2ACC4	730
2671	#F2ACC4	730
2672	#CD1076	610
2673	#CD1076	610
2674	#CD1076	610
2675	#CD1076	610
2676	#FFFDFE	344
2678	#FEF3F6	463
2679	#FEF3F6	463
2680	#FFFDFE	344
2681	#FFFDFE	344
2682	#FFFDFE	344
2683	#FFFDFE	344
2684	#FFFDFE	344
2685	#FFFDFE	344
2686	#FFFDFE	344
2687	#FFFDFE	344
2688	#FFFDFE	344
2689	#FFFDFE	344
2690	#FEF3F6	463
2691	#FFFDFE	344
2692	#FFFDFE	344
2693	#FFFDFE	344
2694	#FFFDFE	344
2695	#FFFDFE	344
2696	#FFFDFE	344
2697	#FFFDFE	344
2698	#FFFDFE	344
2699	#FFFDFE	344
2700	#FFFDFE	344
2701	#FEF3F6	463
2702	#FFFDFE	344
2703	#FFFDFE	344
2704	#FFFDFE	344
2705	#FFFAFB	354
2706	#FFFAFB	354
2707	#FFFAFB	354
2708	#FFFAFB	354
2709	#FFFAFB	354
2710	#FFFAFB	354
2711	#FFFAFB	354
2712	#FEF3F6	463
2713	#FFFAFB	354
2714	#FFFAFB	354
2715	#FFFAFB	354
2716	#FFFAFB	354
2717	#FFFAFB	354
2718	#F2ACC4	730
2719	#F2ACC4	730
2720	#F2ACC4	730
2721	#F2ACC4	730
2722	#F2ACC4	730
2723	#CD1076	610
2724	#CD1076	610
2725	#CD1076	610
2726	#CD1076	610
2727	#FFFDFE	344
2729	#FEF3F6	463
2730	#FEF3F6	463
2731	#FFFDFE	344
2732	#FFFDFE	344
2733	#FFFDFE	344
2734	#FFFDFE	344
2735	#FFFDFE	344
2736	#FFFDFE	344
2737	#FFFDFE	344
2738	#FFFDFE	344
2739	#FFFDFE	344
2740	#FFFDFE	344
2741	#FEF3F6	463
2742	#FFFDFE	344
2743	#FFFDFE	344
2744	#FFFDFE	344
2745	#FFFDFE	344
2746	#FFFDFE	344
2747	#FFFDFE	344
2748	#FFFDFE	344
2749	#FFFDFE	344
2750	#FFFDFE	344
2751	#FFFDFE	344
2752	#FEF3F6	463
2753	#FFFDFE	344
2754	#FFFDFE	344
2755	#FFFAFB	354
2756	#FFFAFB	354
2757	#FFFAFB	354
2758	#FFFAFB	354
2759	#FFFAFB	354
2760	#FFFAFB	354
2761	#FFFAFB	354
2762	#FFFAFB	354
2763	#CD1076	610
2764	#FFFAFB	354
2765	#FFFAFB	354
2766	#FFFAFB	354
2767	#FFFAFB	354
2768	#FFFAFB	354
2769	#FFFAFB	354
2770	#F2ACC4	730
2771	#F2ACC4	730
2772	#F2ACC4	730
2773	#CD1076	610
2774	#CD1076	610
2775	#CD1076	610
2776	#FFFDFE	344
2777	#FFFDFE	344
2779	#FEF3F6	463
2780	#FEF3F6	463
2781	#FFFDFE	344
2782	#FFFDFE	344
2783	#FFFDFE	344
2784	#FFFDFE	344
2785	#FFFDFE	344
2786	#FFFDFE	344
2787	#FFFDFE	344
2788	#FFFDFE	344
2789	#FFFDFE	344
2790	#FFFDFE	344
2791	#FEF3F6	463
2792	#FFFDFE	344
2793	#FFFDFE	344
2794	#FFFDFE	344
2795	#FFFDFE	344
2796	#FFFDFE	344
2797	#FFFDFE	344
2798	#FFFDFE	344
2799	#FFFDFE	344
2800	#FFFDFE	344
2801	#FFFDFE	344
2802	#FEF3F6	463
2803	#FFFDFE	344
2804	#FFFDFE	344
2805	#FFFDFE	344
2806	#FFFAFB	354
2807	#FFFAFB	354
2808	#FFFAFB	354
2809	#FFFAFB	354
2810	#FFFAFB	354
2811	#FFFAFB	354
2812	#FFFAFB	354
2813	#CD1076	610
2814	#FFFAFB	354
2815	#FFFAFB	354
2816	#FFFAFB	354
2817	#FFFAFB	354
2818	#FFFAFB	354
2819	#FFFAFB	354
2820	#F2ACC4	730
2821	#F2ACC4	730
2822	#F2ACC4	730
2823	#F2ACC4	730
2824	#CD1076	610
2825	#CD1076	610
2826	#CD1076	610
2827	#FFFDFE	344
2828	#FFFDFE	344
2830	#FEF3F6	463
2831	#FEF3F6	463
2832	#FFFDFE	344
2833	#FFFDFE	344
2834	#FFFDFE	344
2835	#FFFDFE	344
2836	#FFFDFE	344
2837	#FFFDFE	344
2838	#FFFDFE	344
2839	#FFFDFE	344
2840	#FFFDFE	344
2841	#FFFDFE	344
2842	#FEF3F6	463
2843	#FFFDFE	344
2844	#FFFDFE	344
2845	#FFFDFE	344
2846	#FFFDFE	344
2847	#FFFDFE	344
2848	#FFFDFE	344
2849	#FFFDFE	344
2850	#FFFDFE	344
2851	#FFFDFE	344
2852	#FFFDFE	344
2853	#CD1076	610
2854	#FFFDFE	344
2855	#FFFDFE	344
2856	#FFFAFB	354
2857	#FFFAFB	354
2858	#FFFAFB	354
2859	#FFFAFB	354
2860	#FFFAFB	354
2861	#FFFAFB	354
2862	#FFFAFB	354
2863	#FFFAFB	354
2864	#CD1076	610
2865	#FFFAFB	354
2866	#FFFAFB	354
2867	#FFFAFB	354
2868	#FFFAFB	354
2869	#FFFAFB	354
2870	#F2ACC4	730
2871	#F2ACC4	730
2872	#F2ACC4	730
2873	#F2ACC4	730
2874	#CD1076	610
2875	#FFFDFE	344
2876	#FFFDFE	344
2877	#FFFDFE	344
2878	#FFFDFE	344
2880	#FEF3F6	463
2881	#FEF3F6	463
2882	#FFFDFE	344
2883	#FFFDFE	344
2884	#FFFDFE	344
2885	#FFFDFE	344
2886	#FFFDFE	344
2887	#FFFDFE	344
2888	#FFFDFE	344
2889	#FFFDFE	344
2890	#FFFDFE	344
2891	#FFFDFE	344
2892	#FEF3F6	463
2893	#FFFDFE	344
2894	#FFFDFE	344
2895	#FFFDFE	344
2896	#FFFDFE	344
2897	#FFFDFE	344
2898	#FFFDFE	344
2899	#FFFDFE	344
2900	#FFFDFE	344
2901	#FFFDFE	344
2902	#FFFDFE	344
2903	#FEF3F6	463
2904	#FFFDFE	344
2905	#FFFDFE	344
2906	#FFFAFB	354
2907	#FFFAFB	354
2908	#FFFAFB	354
2909	#FFFAFB	354
2910	#FFFAFB	354
2911	#FFFAFB	354
2912	#FFFAFB	354
2913	#FFFAFB	354
2914	#CD1076	610
2915	#FFFAFB	354
2916	#FFFAFB	354
2917	#FFFAFB	354
2918	#FFFAFB	354
2919	#FFFAFB	354
2920	#FFFAFB	354
2921	#F2ACC4	730
2922	#F2ACC4	730
2923	#F2ACC4	730
2924	#F2ACC4	730
2925	#CD1076	610
2926	#CD1076	610
2927	#FFFDFE	344
2928	#FFFDFE	344
2929	#FFFDFE	344
2931	#FEF3F6	463
2932	#FEF3F6	463
2933	#FFFDFE	344
2934	#FFFDFE	344
2935	#FFFDFE	344
2936	#FFFDFE	344
2937	#FFFDFE	344
2938	#FFFDFE	344
2939	#FFFDFE	344
2940	#FFFDFE	344
2941	#FFFDFE	344
2942	#FFFDFE	344
2943	#FEF3F6	463
2944	#FFFDFE	344
2945	#FFFDFE	344
2946	#FFFDFE	344
2947	#FFFDFE	344
2948	#FFFDFE	344
2949	#FFFDFE	344
2950	#FFFDFE	344
2951	#FFFDFE	344
2952	#FFFDFE	344
2953	#FFFDFE	344
2954	#FEF3F6	463
2955	#FFFDFE	344
2956	#FFFDFE	344
2957	#FFFAFB	354
2958	#FFFAFB	354
2959	#FFFAFB	354
2960	#FFFAFB	354
2961	#FFFAFB	354
2962	#FFFAFB	354
2963	#FFFAFB	354
2964	#FFFAFB	354
2965	#CD1076	610
2966	#FFFAFB	354
2967	#FFFAFB	354
2968	#FFFAFB	354
2969	#FFFAFB	354
2970	#FFFAFB	354
2971	#FFFAFB	354
2972	#F2ACC4	730
2973	#F2ACC4	730
2974	#F2ACC4	730
2975	#CD1076	610
2976	#FFFDFE	344
2977	#FFFDFE	344
2978	#FFFDFE	344
2979	#FFFDFE	344
2981	#FEF3F6	463
2982	#FEF3F6	463
2983	#FFFDFE	344
2984	#FFFDFE	344
2985	#FFFDFE	344
2986	#FFFDFE	344
2987	#FFFDFE	344
2988	#FFFDFE	344
2989	#FFFDFE	344
2990	#FFFDFE	344
2991	#FFFDFE	344
2992	#FFFDFE	344
2993	#FEF3F6	463
2994	#FFFDFE	344
2995	#FFFDFE	344
2996	#FFFDFE	344
2997	#FFFDFE	344
2998	#FFFDFE	344
2999	#FFFDFE	344
3000	#FFFDFE	344
3001	#FFFDFE	344
3002	#FFFDFE	344
3003	#FFFAFB	354
3004	#FEF3F6	463
3005	#FFFDFE	344
3006	#FFFDFE	344
3007	#FFFDFE	344
3008	#FFFAFB	354
3009	#FFFAFB	354
3010	#FFFAFB	354
3011	#FFFAFB	354
3012	#FFFAFB	354
3013	#FFFAFB	354
3014	#FFFAFB	354
3015	#FEF3F6	463
3016	#FFFAFB	354
3017	#FFFAFB	354
3018	#FFFAFB	354
3019	#FFFAFB	354
3020	#FFFAFB	354
3021	#FFFAFB	354
3022	#FFFAFB	354
3023	#F2ACC4	730
3024	#FFFAFB	354
3025	#F2ACC4	730
3026	#FEF3F6	463
3027	#FFFDFE	344
3028	#FFFDFE	344
3029	#FFFDFE	344
3030	#FFFDFE	344
3032	#FEF3F6	463
3033	#FEF3F6	463
3034	#FFFDFE	344
3035	#FFFDFE	344
3036	#FFFDFE	344
3037	#FFFDFE	344
3038	#FFFDFE	344
3039	#FFFDFE	344
3040	#FFFDFE	344
3041	#FFFDFE	344
3042	#FFFDFE	344
3043	#FFFDFE	344
3044	#FEF3F6	463
3045	#FFFDFE	344
3046	#FFFDFE	344
3047	#FFFDFE	344
3048	#FFFDFE	344
3049	#FFFDFE	344
3050	#FFFDFE	344
3051	#FFFDFE	344
3052	#FFFDFE	344
3053	#FFFAFB	354
3054	#FFFDFE	344
3055	#FEF3F6	463
3056	#FFFDFE	344
3057	#FFFDFE	344
3058	#FFFAFB	354
3059	#FFFAFB	354
3060	#FFFAFB	354
3061	#FFFAFB	354
3062	#FFFAFB	354
3063	#FFFAFB	354
3064	#FFFAFB	354
3065	#FFFAFB	354
3066	#FEF3F6	463
3067	#FFFAFB	354
3068	#FFFAFB	354
3069	#FFFAFB	354
3070	#FFFAFB	354
3071	#FFFAFB	354
3072	#FFFAFB	354
3073	#FFFAFB	354
3074	#FFFAFB	354
3075	#F2ACC4	730
3076	#FEF3F6	463
3077	#FFFDFE	344
3078	#FFFDFE	344
3079	#FFFDFE	344
3080	#FFFDFE	344
3082	#FEF3F6	463
3083	#FEF3F6	463
3084	#FFFDFE	344
3085	#FEF3F6	463
3086	#FFFDFE	344
3087	#FFFDFE	344
3088	#FFFDFE	344
3089	#FFFDFE	344
3090	#FFFDFE	344
3091	#FFFDFE	344
3092	#FFFDFE	344
3093	#FFFDFE	344
3094	#FEF3F6	463
3095	#FFFDFE	344
3096	#FFFDFE	344
3097	#FFFDFE	344
3098	#FFFDFE	344
3099	#FFFDFE	344
3100	#FFFDFE	344
3101	#FFFDFE	344
3102	#FFFDFE	344
3103	#FFFAFB	354
3104	#FFFAFB	354
3105	#FEF3F6	463
3106	#FFFAFB	354
3107	#FFFDFE	344
3108	#FFFDFE	344
3109	#FFFAFB	354
3110	#FFFAFB	354
3111	#FFFAFB	354
3112	#FFFAFB	354
3113	#FFFAFB	354
3114	#FFFAFB	354
3115	#FFFAFB	354
3116	#FEF3F6	463
3117	#FFFAFB	354
3118	#FFFAFB	354
3119	#FFFAFB	354
3120	#FFFAFB	354
3121	#FFFAFB	354
3122	#FFFAFB	354
3123	#FFFAFB	354
3124	#FFFAFB	354
3125	#F2ACC4	730
3126	#F2ACC4	730
3127	#FEF3F6	463
3128	#FEF3F6	463
3129	#FFFDFE	344
3130	#FFFDFE	344
3131	#FFFDFE	344
3133	#FEF3F6	463
3134	#FEF3F6	463
3135	#FEF3F6	463
3136	#FFFDFE	344
3137	#FFFDFE	344
3138	#FFFDFE	344
3139	#FFFDFE	344
3140	#FFFDFE	344
3141	#FFFDFE	344
3142	#FFFDFE	344
3143	#FFFDFE	344
3144	#FFFDFE	344
3145	#FEF3F6	463
3146	#FFFDFE	344
3147	#FFFDFE	344
3148	#FFFDFE	344
3149	#FFFDFE	344
3150	#FFFDFE	344
3151	#FFFDFE	344
3152	#FFFDFE	344
3153	#FFFAFB	354
3154	#FFFDFE	344
3155	#FFFAFB	354
3156	#FEF3F6	463
3157	#FFFAFB	354
3158	#FFFDFE	344
3159	#FFFDFE	344
3160	#FFFAFB	354
3161	#FFFAFB	354
3162	#FFFAFB	354
3163	#FFFAFB	354
3164	#FFFAFB	354
3165	#FFFAFB	354
3166	#FFFAFB	354
3167	#FEF3F6	463
3168	#FFFAFB	354
3169	#FFFAFB	354
3170	#FFFAFB	354
3171	#FFFAFB	354
3172	#FFFAFB	354
3173	#FFFAFB	354
3174	#FFFAFB	354
3175	#FFFAFB	354
3176	#F2ACC4	730
3177	#FEF3F6	463
3178	#FEF3F6	463
3179	#FFFDFE	344
3180	#FFFDFE	344
3181	#FEF3F6	463
3183	#FEF3F6	463
3184	#FEF3F6	463
3185	#FEF3F6	463
3186	#FFFDFE	344
3187	#FFFDFE	344
3188	#FFFDFE	344
3189	#FFFDFE	344
3190	#FFFDFE	344
3191	#FFFDFE	344
3192	#FFFDFE	344
3193	#FFFDFE	344
3194	#FFFDFE	344
3195	#FEF3F6	463
3196	#FFFDFE	344
3197	#FFFDFE	344
3198	#FFFDFE	344
3199	#FFFDFE	344
3200	#FFFDFE	344
3201	#FFFDFE	344
3202	#FFFDFE	344
3203	#FFFDFE	344
3204	#FFFDFE	344
3205	#FFFAFB	354
3206	#FEF3F6	463
3207	#FFFAFB	354
3208	#FFFDFE	344
3209	#FFFDFE	344
3210	#FFFAFB	354
3211	#FFFAFB	354
3212	#FFFAFB	354
3213	#FFFAFB	354
3214	#FFFAFB	354
3215	#FFFAFB	354
3216	#FFFAFB	354
3217	#FEF3F6	463
3218	#FFFAFB	354
3219	#FFFAFB	354
3220	#FFFAFB	354
3221	#FFFAFB	354
3222	#FFFAFB	354
3223	#FFFAFB	354
3224	#FFFAFB	354
3225	#FFFAFB	354
3226	#F2ACC4	730
3227	#F2ACC4	730
3228	#FEF3F6	463
3229	#FEF3F6	463
3230	#FEF3F6	463
3231	#FFFDFE	344
3232	#FFFDFE	344
3234	#FEF3F6	463
3235	#FEF3F6	463
3236	#FFFDFE	344
3237	#FFFDFE	344
3238	#FFFDFE	344
3239	#FFFDFE	344
3240	#FFFDFE	344
3241	#FFFDFE	344
3242	#FFFDFE	344
3243	#FFFDFE	344
3244	#FFFDFE	344
3245	#FFFDFE	344
3246	#FEF3F6	463
3247	#FFFDFE	344
3248	#FFFDFE	344
3249	#FFFDFE	344
3250	#FFFDFE	344
3251	#FFFDFE	344
3252	#FFFDFE	344
3253	#FFFDFE	344
3254	#FFFDFE	344
3255	#FFFAFB	354
3256	#FFFAFB	354
3257	#FEF3F6	463
3258	#FFFAFB	354
3259	#FFFDFE	344
3260	#FFFDFE	344
3261	#FFFAFB	354
3262	#FFFAFB	354
3263	#FFFAFB	354
3264	#FFFAFB	354
3265	#FFFAFB	354
3266	#FFFAFB	354
3267	#FFFAFB	354
3268	#FEF3F6	463
3269	#FFFAFB	354
3270	#FFFAFB	354
3271	#FFFAFB	354
3272	#FFFAFB	354
3273	#FFFAFB	354
3274	#FFFAFB	354
3275	#FFFAFB	354
3276	#F2ACC4	730
3277	#F2ACC4	730
3278	#FEF3F6	463
3279	#FEF3F6	463
3280	#FEF3F6	463
3281	#FFFDFE	344
3282	#FEF3F6	463
3284	#FEF3F6	463
3285	#FEF3F6	463
3286	#FEF3F6	463
3287	#FFFDFE	344
3288	#FEF3F6	463
3289	#FFFDFE	344
3290	#FFFDFE	344
3291	#FFFDFE	344
3292	#FFFDFE	344
3293	#FFFDFE	344
3294	#FFFDFE	344
3295	#FFFDFE	344
3296	#FEF3F6	463
3297	#FFFDFE	344
3298	#FFFDFE	344
3299	#FFFDFE	344
3300	#FFFDFE	344
3301	#FFFDFE	344
3302	#FFFDFE	344
3303	#FFFDFE	344
3304	#FFFDFE	344
3305	#FFFDFE	344
3306	#FFFAFB	354
3307	#FEF3F6	463
3308	#FFFAFB	354
3309	#FFFAFB	354
3310	#FFFAFB	354
3311	#FFFDFE	344
3312	#FFFAFB	354
3313	#FFFAFB	354
3314	#FFFAFB	354
3315	#FFFAFB	354
3316	#FFFAFB	354
3317	#FFFAFB	354
3318	#FEF3F6	463
3319	#FFFAFB	354
3320	#FFFAFB	354
3321	#FFFAFB	354
3322	#FFFAFB	354
3323	#FFFAFB	354
3324	#FFFAFB	354
3325	#FFFAFB	354
3326	#FFFAFB	354
3327	#F2ACC4	730
3328	#F2ACC4	730
3329	#FEF3F6	463
3330	#FEF3F6	463
3331	#FEF3F6	463
3332	#FEF3F6	463
3333	#FEF3F6	463
3335	#FEF3F6	463
3336	#FEF3F6	463
3337	#FEF3F6	463
3338	#FEF3F6	463
3339	#FFFDFE	344
3340	#FFFDFE	344
3341	#FFFDFE	344
3342	#FFFDFE	344
3343	#FFFDFE	344
3344	#FFFDFE	344
3345	#FFFDFE	344
3346	#FFFDFE	344
3347	#FEF3F6	463
3348	#FFFDFE	344
3349	#FFFDFE	344
3350	#FFFDFE	344
3351	#FFFDFE	344
3352	#FFFDFE	344
3353	#FFFDFE	344
3354	#FFFDFE	344
3355	#FFFAFB	354
3356	#FFFAFB	354
3357	#FFFAFB	354
3358	#FEF3F6	463
3359	#FFFAFB	354
3360	#FFFAFB	354
3361	#FFFAFB	354
3362	#FFFAFB	354
3363	#FFFAFB	354
3364	#FFFAFB	354
3365	#FFFAFB	354
3366	#FFFAFB	354
3367	#FFFAFB	354
3368	#FFFAFB	354
3369	#FEF3F6	463
3370	#FFFAFB	354
3371	#FFFAFB	354
3372	#FFFAFB	354
3373	#FFFAFB	354
3374	#FFFAFB	354
3375	#FFFAFB	354
3376	#FFFAFB	354
3377	#F2ACC4	730
3378	#F2ACC4	730
3379	#FEF3F6	463
3380	#FEF3F6	463
3381	#FEF3F6	463
3382	#FEF3F6	463
3383	#FEF3F6	463
3385	#FEF3F6	463
3386	#FEF3F6	463
3387	#FEF3F6	463
3388	#FEF3F6	463
3389	#E987AC	829
3390	#E987AC	829
3391	#E987AC	829
3392	#E987AC	829
3393	#E987AC	829
3394	#E987AC	829
3395	#FFFDFE	344
3396	#FFFDFE	344
3397	#FEF3F6	463
3398	#FFFDFE	344
3399	#FFFDFE	344
3400	#FFFDFE	344
3401	#FFFDFE	344
3402	#FEF3F6	463
3403	#FEF3F6	463
3404	#FEF3F6	463
3405	#FEF3F6	463
3406	#FFFDFE	344
3407	#FFFDFE	344
3408	#FEF3F6	463
3409	#FEF3F6	463
3410	#FFFDFE	344
3411	#FFFDFE	344
3412	#FFFDFE	344
3413	#FFFDFE	344
3414	#FFFAFB	354
3415	#FFFAFB	354
3416	#FFFAFB	354
3417	#FFFAFB	354
3418	#FFFAFB	354
3419	#FEF3F6	463
3420	#FFFAFB	354
3421	#FFFAFB	354
3422	#FFFAFB	354
3423	#FFFAFB	354
3424	#FFFAFB	354
3425	#FFFAFB	354
3426	#FFFAFB	354
3427	#FFFAFB	354
3428	#FFFAFB	354
3429	#FFFAFB	354
3430	#FEF3F6	463
3431	#FEF3F6	463
3432	#FEF3F6	463
3433	#FEF3F6	463
3434	#FEF3F6	463
3436	#FEF3F6	463
3437	#FEF3F6	463
3438	#FEF3F6	463
3439	#E987AC	829
3440	#E987AC	829
3441	#E987AC	829
3442	#E987AC	829
3443	#E987AC	829
3444	#E987AC	829
3445	#FFFDFE	344
3446	#FFFDFE	344
3447	#FFFDFE	344
3448	#FEF3F6	463
3449	#FFFDFE	344
3450	#FFFDFE	344
3451	#FFFDFE	344
3452	#FFFDFE	344
3453	#FEF3F6	463
3454	#FEF3F6	463
3455	#FEF3F6	463
3456	#FEF3F6	463
3457	#FFFDFE	344
3458	#FEF3F6	463
3459	#FEF3F6	463
3460	#FFFDFE	344
3461	#FFFDFE	344
3462	#FFFDFE	344
3463	#FFFDFE	344
3464	#FFFDFE	344
3465	#FFFAFB	354
3466	#FFFAFB	354
3467	#FFFAFB	354
3468	#FFFAFB	354
3469	#FFFAFB	354
3470	#FEF3F6	463
3471	#FFFAFB	354
3472	#FFFAFB	354
3473	#FFFAFB	354
3474	#FFFAFB	354
3475	#FFFAFB	354
3476	#FFFAFB	354
3477	#FFFAFB	354
3478	#FFFAFB	354
3479	#FFFAFB	354
3480	#FEF3F6	463
3481	#FEF3F6	463
3482	#FEF3F6	463
3483	#FEF3F6	463
3484	#FEF3F6	463
3486	#FEF3F6	463
3487	#FEF3F6	463
3488	#FEF3F6	463
3489	#FEF3F6	463
3490	#FFFDFE	344
3491	#FFFDFE	344
3492	#FFFDFE	344
3493	#FFFDFE	344
3494	#FFFDFE	344
3495	#FFFDFE	344
3496	#FFFDFE	344
3497	#E986AB	560
3498	#FEF3F6	463
3499	#E986AB	560
3500	#FFFDFE	344
3501	#FFFDFE	344
3502	#FFFDFE	344
3503	#FFFDFE	344
3504	#FFFDFE	344
3505	#FFFDFE	344
3506	#FFFDFE	344
3507	#FFFAFB	354
3508	#FFFAFB	354
3509	#FEF3F6	463
3510	#FFFAFB	354
3511	#FFFAFB	354
3512	#FFFAFB	354
3513	#FFFAFB	354
3514	#FFFAFB	354
3515	#FFFAFB	354
3516	#FFFAFB	354
3517	#FFFAFB	354
3518	#FFFAFB	354
3519	#FFFAFB	354
3520	#FEF3F6	463
3521	#FFFAFB	354
3522	#FFFAFB	354
3523	#FFFAFB	354
3524	#FFFAFB	354
3525	#FFFAFB	354
3526	#FFFAFB	354
3527	#FFFAFB	354
3528	#FFFAFB	354
3529	#FFFAFB	354
3530	#F2ACC4	730
3531	#FEF3F6	463
3532	#FEF3F6	463
3533	#FEF3F6	463
3534	#FEF3F6	463
3535	#FEF3F6	463
3537	#FEF3F6	463
3538	#FEF3F6	463
3539	#FEF3F6	463
3540	#FFFDFE	344
3541	#FEF3F6	463
3542	#FFFDFE	344
3543	#FFFDFE	344
3544	#FFFDFE	344
3545	#FFFDFE	344
3546	#E986AB	560
3547	#FFFDFE	344
3548	#E986AB	560
3549	#FEF3F6	463
3550	#E986AB	560
3551	#E986AB	560
3552	#FFFDFE	344
3553	#FFFDFE	344
3554	#FFFDFE	344
3555	#FFFDFE	344
3556	#FFFDFE	344
3557	#FFFAFB	354
3558	#FFFAFB	354
3559	#FFFAFB	354
3560	#FEF3F6	463
3561	#FFFAFB	354
3562	#FFFAFB	354
3563	#FFFAFB	354
3564	#FFFAFB	354
3565	#FFFAFB	354
3566	#FFFAFB	354
3567	#FFFAFB	354
3568	#FFFAFB	354
3569	#FFFAFB	354
3570	#FFFAFB	354
3571	#FEF3F6	463
3572	#FFFAFB	354
3573	#FFFAFB	354
3574	#FFFAFB	354
3575	#FFFAFB	354
3576	#FFFAFB	354
3577	#FFFAFB	354
3578	#FFFAFB	354
3579	#FFFAFB	354
3580	#FFFAFB	354
3581	#FEF3F6	463
3582	#FEF3F6	463
3583	#FEF3F6	463
3584	#FEF3F6	463
3585	#FEF3F6	463
3587	#FEF3F6	463
3588	#FEF3F6	463
3589	#FEF3F6	463
3590	#FEF3F6	463
3591	#FEF3F6	463
3592	#FFFDFE	344
3593	#FFFDFE	344
3594	#FFFDFE	344
3595	#FFFDFE	344
3596	#FFFDFE	344
3597	#E986AB	560
3598	#E986AB	560
3599	#FEF3F6	463
3600	#E986AB	560
3601	#E986AB	560
3602	#FFFDFE	344
3603	#FFFDFE	344
3604	#FFFDFE	344
3605	#FFFDFE	344
3606	#FFFAFB	354
3607	#FFFAFB	354
3608	#FFFAFB	354
3609	#FFFAFB	354
3610	#FEF3F6	463
3611	#FFFAFB	354
3612	#FFFAFB	354
3613	#FFFAFB	354
3614	#FFFAFB	354
3615	#FFFAFB	354
3616	#FFFAFB	354
3617	#FFFAFB	354
3618	#FFFAFB	354
3619	#FFFAFB	354
3620	#FFFAFB	354
3621	#FEF3F6	463
3622	#FFFAFB	354
3623	#FFFAFB	354
3624	#FFFAFB	354
3625	#FFFAFB	354
3626	#FFFAFB	354
3627	#FFFAFB	354
3628	#FFFAFB	354
3629	#FFFAFB	354
3630	#FFFAFB	354
3631	#FFFAFB	354
3632	#FEF3F6	463
3633	#FEF3F6	463
3634	#FEF3F6	463
3635	#FEF3F6	463
3636	#FEF3F6	463
3638	#FEF3F6	463
3639	#FEF3F6	463
3640	#FEF3F6	463
3641	#FEF3F6	463
3642	#FFFDFE	344
3643	#FFFDFE	344
3644	#FFFDFE	344
3645	#FFFDFE	344
3646	#FFFDFE	344
3647	#FFFDFE	344
3648	#E986AB	560
3649	#E986AB	560
3650	#FEF3F6	463
3651	#E986AB	560
3652	#E986AB	560
3653	#FFFDFE	344
3654	#FFFAFB	354
3655	#FFFDFE	344
3656	#FFFAFB	354
3657	#FFFAFB	354
3658	#FFFAFB	354
3659	#FFFAFB	354
3660	#FFFAFB	354
3661	#FEF3F6	463
3662	#FFFAFB	354
3663	#FFFAFB	354
3664	#FFFAFB	354
3665	#FFFAFB	354
3666	#FFFAFB	354
3667	#FFFAFB	354
3668	#FFFAFB	354
3669	#FFFAFB	354
3670	#FFFAFB	354
3671	#FFFAFB	354
3672	#FEF3F6	463
3673	#FFFAFB	354
3674	#FFFAFB	354
3675	#FFFAFB	354
3676	#FFFAFB	354
3677	#FFFAFB	354
3678	#FFFAFB	354
3679	#FFFAFB	354
3680	#FFFAFB	354
3681	#FFFAFB	354
3682	#FEF3F6	463
3683	#FEF3F6	463
3684	#FEF3F6	463
3685	#FEF3F6	463
3686	#FEF3F6	463
3688	#FEF3F6	463
3689	#FEF3F6	463
3690	#FEF3F6	463
3691	#FEF3F6	463
3692	#FEF3F6	463
3693	#FFFDFE	344
3694	#FFFDFE	344
3695	#FFFDFE	344
3696	#FFFDFE	344
3697	#FFFDFE	344
3698	#FFFDFE	344
3699	#E986AB	560
3700	#FEF3F6	463
3701	#E986AB	560
3702	#E986AB	560
3703	#E986AB	560
3704	#FFFAFB	354
3705	#FFFDFE	344
3706	#FFFAFB	354
3707	#FFFAFB	354
3708	#FFFAFB	354
3709	#FFFAFB	354
3710	#FFFAFB	354
3711	#FEF3F6	463
3712	#FFFAFB	354
3713	#FFFAFB	354
3714	#FFFAFB	354
3715	#FFFAFB	354
3716	#FFFAFB	354
3717	#FFFAFB	354
3718	#FFFAFB	354
3719	#FFFAFB	354
3720	#FFFAFB	354
3721	#FFFAFB	354
3722	#FEF3F6	463
3723	#FFFAFB	354
3724	#FFFAFB	354
3725	#FFFAFB	354
3726	#FFFAFB	354
3727	#FFFAFB	354
3728	#FFFAFB	354
3729	#FFFAFB	354
3730	#FFFAFB	354
3731	#FFFAFB	354
3732	#FFFAFB	354
3733	#FEF3F6	463
3734	#FEF3F6	463
3735	#FEF3F6	463
3736	#FEF3F6	463
3737	#FEF3F6	463
3739	#FEF3F6	463
3740	#FEF3F6	463
3741	#FEF3F6	463
3742	#FEF3F6	463
3743	#FFFDFE	344
3744	#FFFDFE	344
3745	#FFFDFE	344
3746	#FFFDFE	344
3747	#E986AB	560
3748	#E986AB	560
3749	#E986AB	560
3750	#E986AB	560
3751	#FEF3F6	463
3752	#E986AB	560
3753	#E986AB	560
3754	#E986AB	560
3755	#FFFAFB	354
3756	#FFFDFE	344
3757	#FFFAFB	354
3758	#FFFAFB	354
3759	#FFFAFB	354
3760	#FFFAFB	354
3761	#FFFAFB	354
3762	#FEF3F6	463
3763	#FFFAFB	354
3764	#FFFAFB	354
3765	#FFFAFB	354
3766	#FFFAFB	354
3767	#FFFAFB	354
3768	#FFFAFB	354
3769	#FFFAFB	354
3770	#FFFAFB	354
3771	#FFFAFB	354
3772	#FFFAFB	354
3773	#FEF3F6	463
3774	#FFFAFB	354
3775	#FFFAFB	354
3776	#FFFAFB	354
3777	#FFFAFB	354
3778	#FFFAFB	354
3779	#FFFAFB	354
3780	#FFFAFB	354
3781	#FFFAFB	354
3782	#FFFAFB	354
3783	#FEF3F6	463
3784	#FEF3F6	463
3785	#FEF3F6	463
3786	#FEF3F6	463
3787	#FEF3F6	463
3789	#FEF3F6	463
3790	#FEF3F6	463
3791	#FEF3F6	463
3792	#FEF3F6	463
3793	#FEF3F6	463
3794	#FFFDFE	344
3795	#FFFDFE	344
3796	#FFFDFE	344
3797	#FFFDFE	344
3798	#E986AB	560
3799	#E986AB	560
3800	#E986AB	560
3801	#FEF3F6	463
3802	#E986AB	560
3803	#E986AB	560
3804	#E986AB	560
3805	#E986AB	560
3806	#FFFAFB	354
3807	#FFFAFB	354
3808	#FFFAFB	354
3809	#FFFAFB	354
3810	#FFFAFB	354
3811	#FFFAFB	354
3812	#FEF3F6	463
3813	#FFFAFB	354
3814	#FFFAFB	354
3815	#FFFAFB	354
3816	#FFFAFB	354
3817	#FFFAFB	354
3818	#FFFAFB	354
3819	#FFFAFB	354
3820	#FFFAFB	354
3821	#FFFAFB	354
3822	#FFFAFB	354
3823	#FEF3F6	463
3824	#FFFAFB	354
3825	#FFFAFB	354
3826	#FFFAFB	354
3827	#FFFAFB	354
3828	#FFFAFB	354
3829	#FFFAFB	354
3830	#FFFAFB	354
3831	#FFFAFB	354
3832	#FFFAFB	354
3833	#FFFAFB	354
3834	#FEF3F6	463
3835	#FEF3F6	463
3836	#FEF3F6	463
3837	#FEF3F6	463
3838	#FEF3F6	463
3840	#FEF3F6	463
3841	#FEF3F6	463
3842	#FEF3F6	463
3843	#FEF3F6	463
3844	#FEF3F6	463
3845	#FFFDFE	344
3846	#FFFDFE	344
3847	#FFFDFE	344
3848	#E986AB	560
3849	#E986AB	560
3850	#E986AB	560
3851	#E986AB	560
3852	#FEF3F6	463
3853	#E986AB	560
3854	#E986AB	560
3855	#E986AB	560
3856	#FFFAFB	354
3857	#FFFAFB	354
3858	#FFFAFB	354
3859	#FFFAFB	354
3860	#FFFAFB	354
3861	#FFFAFB	354
3862	#FFFAFB	354
3863	#FEF3F6	463
3864	#FFFAFB	354
3865	#FFFAFB	354
3866	#FFFAFB	354
3867	#FFFAFB	354
3868	#FFFAFB	354
3869	#FFFAFB	354
3870	#FFFAFB	354
3871	#FFFAFB	354
3872	#FFFAFB	354
3873	#FFFAFB	354
3874	#FEF3F6	463
3875	#FFFAFB	354
3876	#FFFAFB	354
3877	#FFFAFB	354
3878	#FFFAFB	354
3879	#FFFAFB	354
3880	#FFFAFB	354
3881	#FFFAFB	354
3882	#FFFAFB	354
3883	#FFFAFB	354
3884	#FEF3F6	463
3885	#FEF3F6	463
3886	#FEF3F6	463
3887	#FEF3F6	463
3888	#FEF3F6	463
3890	#FEF3F6	463
3891	#FEF3F6	463
3892	#FEF3F6	463
3893	#FEF3F6	463
3894	#FEF3F6	463
3895	#FEF3F6	463
3896	#FFFDFE	344
3897	#FFFDFE	344
3898	#E986AB	560
3899	#E986AB	560
3900	#E986AB	560
3901	#E986AB	560
3902	#FEF3F6	463
3903	#E986AB	560
3904	#E986AB	560
3905	#E986AB	560
3906	#E986AB	560
3907	#E986AB	560
3908	#FFFAFB	354
3909	#FFFAFB	354
3910	#FFFAFB	354
3911	#FFFAFB	354
3912	#FFFAFB	354
3913	#FEF3F6	463
3914	#FFFAFB	354
3915	#FFFAFB	354
3916	#FFFAFB	354
3917	#FFFAFB	354
3918	#FFFAFB	354
3919	#FFFAFB	354
3920	#FFFAFB	354
3921	#FFFAFB	354
3922	#FFFAFB	354
3923	#FFFAFB	354
3924	#FEF3F6	463
3925	#FFFAFB	354
3926	#FFFAFB	354
3927	#FFFAFB	354
3928	#FFFAFB	354
3929	#FFFAFB	354
3930	#FFFAFB	354
3931	#FFFAFB	354
3932	#FFFAFB	354
3933	#FFFAFB	354
3934	#FFFAFB	354
3935	#FEF3F6	463
3936	#FEF3F6	463
3937	#FEF3F6	463
3938	#FEF3F6	463
3939	#FEF3F6	463
3941	#FEF3F6	463
3942	#FEF3F6	463
3943	#FEF3F6	463
3944	#FEF3F6	463
3945	#FEF3F6	463
3946	#FEF3F6	463
3947	#FFFDFE	344
3948	#FFFDFE	344
3949	#E986AB	560
3950	#E986AB	560
3951	#E986AB	560
3952	#E986AB	560
3953	#FEF3F6	463
3954	#E986AB	560
3955	#E986AB	560
3956	#E986AB	560
3957	#E986AB	560
3958	#FFFAFB	354
3959	#FFFAFB	354
3960	#FFFAFB	354
3961	#FFFAFB	354
3962	#FFFAFB	354
3963	#FFFAFB	354
3964	#FEF3F6	463
3965	#FFFAFB	354
3966	#FFFAFB	354
3967	#FFFAFB	354
3968	#FFFAFB	354
3969	#FFFAFB	354
3970	#FFFAFB	354
3971	#FFFAFB	354
3972	#FFFAFB	354
3973	#FFFAFB	354
3974	#FFFAFB	354
3975	#FEF3F6	463
3976	#FFFAFB	354
3977	#FFFAFB	354
3978	#FFFAFB	354
3979	#FFFAFB	354
3980	#FFFAFB	354
3981	#FFFAFB	354
3982	#FFFAFB	354
3983	#FFFAFB	354
3984	#FFFAFB	354
3985	#FEF3F6	463
3986	#FEF3F6	463
3987	#FEF3F6	463
3988	#FEF3F6	463
3989	#FEF3F6	463
3991	#FEF3F6	463
3992	#FEF3F6	463
3993	#FEF3F6	463
3994	#FEF3F6	463
3995	#FEF3F6	463
3996	#FEF3F6	463
3997	#FEF3F6	463
3998	#E986AB	560
3999	#E986AB	560
4000	#E986AB	560
4001	#E986AB	560
4002	#E986AB	560
4003	#FEF3F6	463
4004	#E986AB	560
4005	#E986AB	560
4006	#E986AB	560
4007	#E986AB	560
4008	#E986AB	560
4009	#E986AB	560
4010	#FFFAFB	354
4011	#FFFAFB	354
4012	#FFFAFB	354
4013	#FFFAFB	354
4014	#FEF3F6	463
4015	#FFFAFB	354
4016	#FFFAFB	354
4017	#FFFAFB	354
4018	#FFFAFB	354
4019	#FFFAFB	354
4020	#FFFAFB	354
4021	#FFFAFB	354
4022	#FFFAFB	354
4023	#FFFAFB	354
4024	#FFFAFB	354
4025	#FEF3F6	463
4026	#FFFAFB	354
4027	#FFFAFB	354
4028	#FFFAFB	354
4029	#FFFAFB	354
4030	#FFFAFB	354
4031	#FFFAFB	354
4032	#FFFAFB	354
4033	#FFFAFB	354
4034	#FFFAFB	354
4035	#FFFAFB	354
4036	#FEF3F6	463
4037	#FEF3F6	463
4038	#FEF3F6	463
4039	#FEF3F6	463
4040	#FEF3F6	463
4042	#FEF3F6	463
4043	#FEF3F6	463
4044	#E987AC	829
4045	#E987AC	829
4046	#E987AC	829
4047	#E987AC	829
4048	#E987AC	829
4049	#E987AC	829
4050	#E987AC	829
4051	#FFFDFE	344
4052	#FFFDFE	344
4053	#FFFDFE	344
4054	#FEF3F6	463
4055	#FFFDFE	344
4056	#FFFDFE	344
4057	#FFFDFE	344
4058	#FFFDFE	344
4059	#FFFDFE	344
4060	#FEF3F6	463
4061	#FEF3F6	463
4062	#FEF3F6	463
4063	#FFFDFE	344
4064	#FFFDFE	344
4065	#FEF3F6	463
4066	#FEF3F6	463
4067	#FFFDFE	344
4068	#FFFDFE	344
4069	#FFFDFE	344
4070	#FFFDFE	344
4071	#FFFDFE	344
4072	#FFFAFB	354
4073	#FFFAFB	354
4074	#FFFAFB	354
4075	#FFFAFB	354
4076	#FEF3F6	463
4077	#FFFAFB	354
4078	#FFFAFB	354
4079	#FFFAFB	354
4080	#FFFAFB	354
4081	#FFFAFB	354
4082	#FFFAFB	354
4083	#FFFAFB	354
4084	#FFFAFB	354
4085	#FFFAFB	354
4086	#FFFAFB	354
4087	#FEF3F6	463
4088	#FEF3F6	463
4089	#FEF3F6	463
4090	#FEF3F6	463
4091	#FEF3F6	463
4093	#FEF3F6	463
4094	#FEF3F6	463
4095	#E987AC	829
4096	#E987AC	829
4097	#E987AC	829
4098	#E987AC	829
4099	#E987AC	829
4100	#E987AC	829
4101	#FFFDFE	344
4102	#FFFDFE	344
4103	#FFFDFE	344
4104	#FFFDFE	344
4105	#FEF3F6	463
4106	#FFFDFE	344
4107	#FFFDFE	344
4108	#FFFDFE	344
4109	#FFFDFE	344
4110	#FEF3F6	463
4111	#FEF3F6	463
4112	#FFFDFE	344
4113	#FFFDFE	344
4114	#FFFDFE	344
4115	#FFFDFE	344
4116	#FEF3F6	463
4117	#FFFDFE	344
4118	#FFFDFE	344
4119	#FFFDFE	344
4120	#FFFDFE	344
4121	#FFFDFE	344
4122	#FFFDFE	344
4123	#FFFAFB	354
4124	#FFFAFB	354
4125	#FFFAFB	354
4126	#FFFAFB	354
4127	#FEF3F6	463
4128	#FFFAFB	354
4129	#FFFAFB	354
4130	#FFFAFB	354
4131	#FFFAFB	354
4132	#FFFAFB	354
4133	#FFFAFB	354
4134	#FFFAFB	354
4135	#FFFAFB	354
4136	#FFFAFB	354
4137	#FEF3F6	463
4138	#FEF3F6	463
4139	#FEF3F6	463
4140	#FEF3F6	463
4141	#FEF3F6	463
4143	#FEF3F6	463
4144	#FEF3F6	463
4145	#E987AC	829
4146	#E987AC	829
4147	#E987AC	829
4148	#E987AC	829
4149	#E987AC	829
4150	#E987AC	829
4151	#FFFDFE	344
4152	#FFFDFE	344
4153	#FFFDFE	344
4154	#FFFDFE	344
4155	#FEF3F6	463
4156	#FFFDFE	344
4157	#FFFDFE	344
4158	#FFFDFE	344
4159	#FFFDFE	344
4160	#FEF3F6	463
4161	#FFFDFE	344
4162	#FFFDFE	344
4163	#FFFDFE	344
4164	#FFFDFE	344
4165	#FFFDFE	344
4166	#FEF3F6	463
4167	#FFFDFE	344
4168	#FFFDFE	344
4169	#FFFDFE	344
4170	#FFFDFE	344
4171	#FFFDFE	344
4172	#FFFDFE	344
4173	#FFFDFE	344
4174	#FFFAFB	354
4175	#FFFAFB	354
4176	#FFFAFB	354
4177	#FEF3F6	463
4178	#FFFAFB	354
4179	#FFFAFB	354
4180	#FFFAFB	354
4181	#FFFAFB	354
4182	#FFFAFB	354
4183	#FFFAFB	354
4184	#FFFAFB	354
4185	#FFFAFB	354
4186	#FFFAFB	354
4187	#FFFAFB	354
4188	#FEF3F6	463
4189	#FEF3F6	463
4190	#FEF3F6	463
4191	#FEF3F6	463
4192	#FEF3F6	463
4194	#FEF3F6	463
4195	#FEF3F6	463
4196	#E987AC	829
4197	#E987AC	829
4198	#E987AC	829
4199	#E987AC	829
4200	#E987AC	829
4201	#E987AC	829
4202	#FFFDFE	344
4203	#FFFDFE	344
4204	#FFFDFE	344
4205	#FFFDFE	344
4206	#FEF3F6	463
4207	#FFFDFE	344
4208	#FFFDFE	344
4209	#FFFDFE	344
4210	#FFFDFE	344
4211	#FFFDFE	344
4212	#FFFDFE	344
4213	#FFFDFE	344
4214	#FFFDFE	344
4215	#FFFDFE	344
4216	#FFFDFE	344
4217	#FEF3F6	463
4218	#FFFDFE	344
4219	#FFFDFE	344
4220	#FFFDFE	344
4221	#FFFDFE	344
4222	#FFFDFE	344
4223	#FFFDFE	344
4224	#FFFDFE	344
4225	#FFFAFB	354
4226	#FFFAFB	354
4227	#FFFAFB	354
4228	#FEF3F6	463
4229	#FFFAFB	354
4230	#FFFAFB	354
4231	#FFFAFB	354
4232	#FFFAFB	354
4233	#FFFAFB	354
4234	#FFFAFB	354
4235	#FFFAFB	354
4236	#FFFAFB	354
4237	#FFFAFB	354
4238	#FEF3F6	463
4239	#FEF3F6	463
4240	#FEF3F6	463
4241	#FEF3F6	463
4242	#FEF3F6	463
4244	#FEF3F6	463
4245	#FEF3F6	463
4246	#E987AC	829
4247	#E987AC	829
4248	#E987AC	829
4249	#E987AC	829
4250	#E987AC	829
4251	#FFFDFE	344
4252	#E987AC	829
4253	#FFFDFE	344
4254	#FFFDFE	344
4255	#FFFDFE	344
4256	#FEF3F6	463
4257	#FFFDFE	344
4258	#FFFDFE	344
4259	#FFFDFE	344
4260	#FFFDFE	344
4261	#FFFDFE	344
4262	#FFFDFE	344
4263	#FFFDFE	344
4264	#FFFDFE	344
4265	#FFFDFE	344
4266	#FFFDFE	344
4267	#FEF3F6	463
4268	#FFFDFE	344
4269	#FFFDFE	344
4270	#FFFDFE	344
4271	#FFFDFE	344
4272	#FFFDFE	344
4273	#FFFDFE	344
4274	#FFFDFE	344
4275	#FFFDFE	344
4276	#FFFAFB	354
4277	#FFFAFB	354
4278	#FEF3F6	463
4279	#FFFAFB	354
4280	#FFFAFB	354
4281	#FFFAFB	354
4282	#FFFAFB	354
4283	#FFFAFB	354
4284	#FFFAFB	354
4285	#FFFAFB	354
4286	#FFFAFB	354
4287	#FFFAFB	354
4288	#FFFAFB	354
4289	#FEF3F6	463
4290	#FEF3F6	463
4291	#FEF3F6	463
4292	#FEF3F6	463
4293	#FEF3F6	463
4295	#FEF3F6	463
4296	#FEF3F6	463
4297	#E987AC	829
4298	#E987AC	829
4299	#E987AC	829
4300	#E987AC	829
4301	#FFFDFE	344
4302	#FFFDFE	344
4303	#FFFDFE	344
4304	#FFFDFE	344
4305	#FFFDFE	344
4306	#FFFDFE	344
4307	#FEF3F6	463
4308	#FFFDFE	344
4309	#FFFDFE	344
4310	#FFFDFE	344
4311	#FFFDFE	344
4312	#FFFDFE	344
4313	#FFFDFE	344
4314	#FFFDFE	344
4315	#FFFDFE	344
4316	#FFFDFE	344
4317	#FFFDFE	344
4318	#FEF3F6	463
4319	#FFFDFE	344
4320	#FFFDFE	344
4321	#FFFDFE	344
4322	#FFFDFE	344
4323	#FFFDFE	344
4324	#FFFDFE	344
4325	#FFFDFE	344
4326	#FFFDFE	344
4327	#FFFAFB	354
4328	#FFFAFB	354
4329	#FEF3F6	463
4330	#FFFAFB	354
4331	#FFFAFB	354
4332	#FFFAFB	354
4333	#FFFAFB	354
4334	#FFFAFB	354
4335	#FFFAFB	354
4336	#FFFAFB	354
4337	#FFFAFB	354
4338	#FFFAFB	354
4339	#FEF3F6	463
4340	#FEF3F6	463
4341	#FEF3F6	463
4342	#FEF3F6	463
4343	#E987AC	829
4345	#FEF3F6	463
4346	#FEF3F6	463
4347	#E987AC	829
4348	#E987AC	829
4349	#E987AC	829
4350	#E987AC	829
4351	#FFFDFE	344
4352	#FFFDFE	344
4353	#FFFDFE	344
4354	#FFFDFE	344
4355	#FFFDFE	344
4356	#FFFDFE	344
4357	#FEF3F6	463
4358	#FFFDFE	344
4359	#FFFDFE	344
4360	#FFFDFE	344
4361	#FFFDFE	344
4362	#FFFDFE	344
4363	#FFFDFE	344
4364	#FFFDFE	344
4365	#FFFDFE	344
4366	#FFFDFE	344
4367	#FFFDFE	344
4368	#FEF3F6	463
4369	#FFFDFE	344
4370	#FFFDFE	344
4371	#FFFDFE	344
4372	#FFFDFE	344
4373	#FFFDFE	344
4374	#FFFDFE	344
4375	#FFFDFE	344
4376	#FFFDFE	344
4377	#FFFDFE	344
4378	#FFFAFB	354
4379	#FEF3F6	463
4380	#FFFAFB	354
4381	#FFFAFB	354
4382	#FFFAFB	354
4383	#FFFAFB	354
4384	#FFFAFB	354
4385	#FFFAFB	354
4386	#FFFAFB	354
4387	#FFFAFB	354
4388	#FFFAFB	354
4389	#FFFAFB	354
4390	#FEF3F6	463
4391	#FEF3F6	463
4392	#FEF3F6	463
4393	#E987AC	829
4394	#E987AC	829
4396	#FEF3F6	463
4397	#FEF3F6	463
4398	#E987AC	829
4399	#E987AC	829
4400	#E987AC	829
4401	#FFFDFE	344
4402	#FFFDFE	344
4403	#FFFDFE	344
4404	#FFFDFE	344
4405	#FFFDFE	344
4406	#FFFDFE	344
4407	#FFFDFE	344
4408	#FEF3F6	463
4409	#FFFDFE	344
4410	#FFFDFE	344
4411	#FFFDFE	344
4412	#FFFDFE	344
4413	#FFFDFE	344
4414	#FFFDFE	344
4415	#FFFDFE	344
4416	#FFFDFE	344
4417	#FFFDFE	344
4418	#FFFDFE	344
4419	#FEF3F6	463
4420	#FFFDFE	344
4421	#FFFDFE	344
4422	#FFFDFE	344
4423	#FFFDFE	344
4424	#FFFDFE	344
4425	#FFFDFE	344
4426	#FFFDFE	344
4427	#FFFDFE	344
4428	#FFFDFE	344
4429	#FFFAFB	354
4430	#FEF3F6	463
4431	#FFFAFB	354
4432	#FFFAFB	354
4433	#FFFAFB	354
4434	#FFFAFB	354
4435	#FFFAFB	354
4436	#FFFAFB	354
4437	#FFFAFB	354
4438	#FFFAFB	354
4439	#FFFAFB	354
4440	#FEF3F6	463
4441	#FEF3F6	463
4442	#E987AC	829
4443	#E987AC	829
4444	#E987AC	829
4446	#FEF3F6	463
4447	#FEF3F6	463
4448	#E987AC	829
4449	#E987AC	829
4450	#E987AC	829
4451	#FFFDFE	344
4452	#FFFDFE	344
4453	#FFFDFE	344
4454	#FFFDFE	344
4455	#FFFDFE	344
4456	#FFFDFE	344
4457	#FFFDFE	344
4458	#FEF3F6	463
4459	#FFFDFE	344
4460	#FFFDFE	344
4461	#FFFDFE	344
4462	#FFFDFE	344
4463	#FFFDFE	344
4464	#FFFDFE	344
4465	#FFFDFE	344
4466	#FFFDFE	344
4467	#FFFDFE	344
4468	#FFFDFE	344
4469	#FEF3F6	463
4470	#FFFDFE	344
4471	#FFFDFE	344
4472	#FFFDFE	344
4473	#FFFDFE	344
4474	#FFFDFE	344
4475	#FFFDFE	344
4476	#FFFDFE	344
4477	#FFFDFE	344
4478	#FFFDFE	344
4479	#FFFDFE	344
4480	#FEF3F6	463
4481	#FFFAFB	354
4482	#FFFAFB	354
4483	#FFFAFB	354
4484	#FFFAFB	354
4485	#FFFAFB	354
4486	#FFFAFB	354
4487	#FFFAFB	354
4488	#FFFAFB	354
4489	#FFFAFB	354
4490	#FFFAFB	354
4491	#FEF3F6	463
4492	#FEF3F6	463
4493	#FEF3F6	463
4494	#E987AC	829
4495	#E987AC	829
4497	#FEF3F6	463
4498	#FEF3F6	463
4499	#FFFDFE	344
4500	#E987AC	829
4501	#FFFDFE	344
4502	#FFFDFE	344
4503	#FFFDFE	344
4504	#FFFDFE	344
4505	#FFFDFE	344
4506	#FFFDFE	344
4507	#FFFDFE	344
4508	#FFFDFE	344
4509	#FEF3F6	463
4510	#FFFDFE	344
4511	#FFFDFE	344
4512	#FFFDFE	344
4513	#FFFDFE	344
4514	#FFFDFE	344
4515	#FFFDFE	344
4516	#FFFDFE	344
4517	#FFFDFE	344
4518	#FFFDFE	344
4519	#FFFDFE	344
4520	#FEF3F6	463
4521	#FFFDFE	344
4522	#FFFDFE	344
4523	#FFFAFB	354
4524	#FFFAFB	354
4525	#FFFDFE	344
4526	#FFFDFE	344
4527	#FFFDFE	344
4528	#FFFDFE	344
4529	#FFFDFE	344
4530	#FFFDFE	344
4531	#FEF3F6	463
4532	#FFFDFE	344
4533	#FFFAFB	354
4534	#FFFDFE	344
4535	#FFFAFB	354
4536	#FFFAFB	354
4537	#FFFAFB	354
4538	#FFFAFB	354
4539	#FFFAFB	354
4540	#FFFAFB	354
4541	#FEF3F6	463
4542	#FEF3F6	463
4543	#E987AC	829
4544	#E987AC	829
4545	#E987AC	829
4547	#FEF3F6	463
4548	#FEF3F6	463
4549	#FEF3F6	463
4550	#FEF3F6	463
4551	#FEF3F6	463
4552	#FEF3F6	463
4553	#FEF3F6	463
4554	#FEF3F6	463
4555	#FEF3F6	463
4556	#E987AC	829
4557	#FFFDFE	344
4558	#FFFDFE	344
4559	#FEF3F6	463
4560	#FFFDFE	344
4561	#FEF3F6	463
4562	#FEF3F6	463
4563	#FEF3F6	463
4564	#FEF3F6	463
4565	#FEF3F6	463
4566	#FEF3F6	463
4567	#FFFDFE	344
4568	#FFFDFE	344
4569	#FFFDFE	344
4570	#FEF3F6	463
4571	#FFFDFE	344
4572	#FFFDFE	344
4573	#FFFDFE	344
4574	#FFFDFE	344
4575	#FFFDFE	344
4576	#FFFDFE	344
4577	#FFFDFE	344
4578	#FFFDFE	344
4579	#FFFDFE	344
4580	#FFFAFB	354
4581	#FEF3F6	463
4582	#FFFAFB	354
4583	#FFFDFE	344
4584	#FFFAFB	354
4585	#FFFAFB	354
4586	#FFFAFB	354
4587	#FFFAFB	354
4588	#FFFAFB	354
4589	#FFFAFB	354
4590	#FFFAFB	354
4591	#FFFAFB	354
4592	#FEF3F6	463
4593	#FEF3F6	463
4594	#FEF3F6	463
4595	#FEF3F6	463
4596	#FEF3F6	463
4598	#FEF3F6	463
4599	#FEF3F6	463
4600	#FEF3F6	463
4601	#FEF3F6	463
4602	#FEF3F6	463
4603	#FEF3F6	463
4604	#FEF3F6	463
4605	#FEF3F6	463
4606	#FEF3F6	463
4607	#FEF3F6	463
4608	#FFFDFE	344
4609	#FFFDFE	344
4610	#FEF3F6	463
4611	#FEF3F6	463
4612	#FFFDFE	344
4613	#FEF3F6	463
4614	#FEF3F6	463
4615	#FEF3F6	463
4616	#FEF3F6	463
4617	#FFFDFE	344
4618	#FFFDFE	344
4619	#FFFDFE	344
4620	#FFFDFE	344
4621	#FEF3F6	463
4622	#FFFDFE	344
4623	#FFFDFE	344
4624	#FFFDFE	344
4625	#FFFDFE	344
4626	#FFFDFE	344
4627	#FFFDFE	344
4628	#FFFDFE	344
4629	#FFFDFE	344
4630	#FFFAFB	354
4631	#FFFAFB	354
4632	#FEF3F6	463
4633	#FFFDFE	344
4634	#FFFDFE	344
4635	#FFFAFB	354
4636	#FFFAFB	354
4637	#FFFAFB	354
4638	#FFFAFB	354
4639	#FFFAFB	354
4640	#FFFAFB	354
4641	#FFFAFB	354
4642	#FEF3F6	463
4643	#FEF3F6	463
4644	#FEF3F6	463
4645	#FEF3F6	463
4646	#FEF3F6	463
4648	#FEF3F6	463
4649	#FEF3F6	463
4650	#FEF3F6	463
4651	#FEF3F6	463
4652	#FEF3F6	463
4653	#FEF3F6	463
4654	#FEF3F6	463
4655	#FEF3F6	463
4656	#FEF3F6	463
4657	#FEF3F6	463
4658	#FEF3F6	463
4659	#FFFDFE	344
4660	#FEF3F6	463
4661	#FFFDFE	344
4662	#FEF3F6	463
4663	#FFFDFE	344
4664	#FEF3F6	463
4665	#FEF3F6	463
4666	#FEF3F6	463
4667	#FEF3F6	463
4668	#FFFDFE	344
4669	#FFFDFE	344
4670	#FFFDFE	344
4671	#FEF3F6	463
4672	#FFFDFE	344
4673	#FFFDFE	344
4674	#FFFDFE	344
4675	#FFFDFE	344
4676	#FFFDFE	344
4677	#FFFDFE	344
4678	#FFFDFE	344
4679	#FFFDFE	344
4680	#FFFAFB	354
4681	#FFFDFE	344
4682	#FEF3F6	463
4683	#FFFDFE	344
4684	#FFFAFB	354
4685	#FFFAFB	354
4686	#FFFAFB	354
4687	#FFFAFB	354
4688	#FFFAFB	354
4689	#FFFAFB	354
4690	#FFFAFB	354
4691	#FFFAFB	354
4692	#FFFAFB	354
4693	#FEF3F6	463
4694	#FEF3F6	463
4695	#FEF3F6	463
4696	#FEF3F6	463
4697	#FEF3F6	463
4699	#FEF3F6	463
4700	#FEF3F6	463
4701	#FEF3F6	463
4702	#FEF3F6	463
4703	#FEF3F6	463
4704	#FEF3F6	463
4705	#FEF3F6	463
4706	#FEF3F6	463
4707	#FEF3F6	463
4708	#FEF3F6	463
4709	#FEF3F6	463
4710	#FFFDFE	344
4711	#FEF3F6	463
4712	#FEF3F6	463
4713	#FFFDFE	344
4714	#FFFDFE	344
4715	#FEF3F6	463
4716	#FEF3F6	463
4717	#FEF3F6	463
4718	#FFFDFE	344
4719	#FFFDFE	344
4720	#FFFDFE	344
4721	#FFFDFE	344
4722	#FEF3F6	463
4723	#FFFDFE	344
4724	#FFFDFE	344
4725	#FFFDFE	344
4726	#FFFDFE	344
4727	#FFFDFE	344
4728	#FFFDFE	344
4729	#FFFDFE	344
4730	#FFFDFE	344
4731	#FFFDFE	344
4732	#FFFDFE	344
4733	#FEF3F6	463
4734	#FFFDFE	344
4735	#FFFAFB	354
4736	#FFFAFB	354
4737	#FFFAFB	354
4738	#FFFAFB	354
4739	#FFFAFB	354
4740	#FFFAFB	354
4741	#FFFAFB	354
4742	#FFFAFB	354
4743	#FEF3F6	463
4744	#FEF3F6	463
4745	#FEF3F6	463
4746	#FEF3F6	463
4747	#FEF3F6	463
4749	#FEF3F6	463
4750	#FEF3F6	463
4751	#FEF3F6	463
4752	#FEF3F6	463
4753	#FEF3F6	463
4754	#FEF3F6	463
4755	#FEF3F6	463
4756	#FEF3F6	463
4757	#FEF3F6	463
4758	#FEF3F6	463
4759	#FEF3F6	463
4760	#FFFDFE	344
4761	#FEF3F6	463
4762	#FEF3F6	463
4763	#FFFDFE	344
4764	#FFFDFE	344
4765	#FFFDFE	344
4766	#FFFDFE	344
4767	#FEF3F6	463
4768	#FFFDFE	344
4769	#FFFDFE	344
4770	#FFFDFE	344
4771	#FFFDFE	344
4772	#FEF3F6	463
4773	#FFFDFE	344
4774	#FFFDFE	344
4775	#FFFDFE	344
4776	#FFFDFE	344
4777	#FFFDFE	344
4778	#FFFDFE	344
4779	#FFFDFE	344
4780	#FFFDFE	344
4781	#FFFDFE	344
4782	#FFFDFE	344
4783	#FEF3F6	463
4784	#FFFDFE	344
4785	#FFFAFB	354
4786	#FFFAFB	354
4787	#FFFAFB	354
4788	#FFFAFB	354
4789	#FFFAFB	354
4790	#FFFAFB	354
4791	#FFFAFB	354
4792	#FFFAFB	354
4793	#FFFAFB	354
4794	#FEF3F6	463
4795	#FEF3F6	463
4796	#FEF3F6	463
4797	#FEF3F6	463
4798	#FEF3F6	463
4800	#FEF3F6	463
4801	#FEF3F6	463
4802	#FEF3F6	463
4803	#FEF3F6	463
4804	#FEF3F6	463
4805	#FEF3F6	463
4806	#FEF3F6	463
4807	#FEF3F6	463
4808	#FEF3F6	463
4809	#FEF3F6	463
4810	#FEF3F6	463
4811	#FEF3F6	463
4812	#FEF3F6	463
4813	#FFFDFE	344
4814	#FFFDFE	344
4815	#FFFDFE	344
4816	#FFFDFE	344
4817	#FEF3F6	463
4818	#FEF3F6	463
4819	#FFFDFE	344
4820	#FFFDFE	344
4821	#FFFDFE	344
4822	#FFFDFE	344
4823	#FEF3F6	463
4824	#FFFDFE	344
4825	#FFFDFE	344
4826	#FFFDFE	344
4827	#FFFDFE	344
4828	#FFFDFE	344
4829	#FFFDFE	344
4830	#FFFDFE	344
4831	#FFFDFE	344
4832	#FFFDFE	344
4833	#FFFDFE	344
4834	#FEF3F6	463
4835	#FFFAFB	354
4836	#FFFAFB	354
4837	#FFFAFB	354
4838	#FFFAFB	354
4839	#FFFAFB	354
4840	#FFFAFB	354
4841	#FFFAFB	354
4842	#FFFAFB	354
4843	#FFFAFB	354
4844	#FEF3F6	463
4845	#FEF3F6	463
4846	#FEF3F6	463
4847	#FEF3F6	463
4848	#FEF3F6	463
4850	#FEF3F6	463
4851	#FEF3F6	463
4852	#FEF3F6	463
4853	#FEF3F6	463
4854	#FEF3F6	463
4855	#FEF3F6	463
4856	#FEF3F6	463
4857	#FEF3F6	463
4858	#FEF3F6	463
4859	#FEF3F6	463
4860	#FEF3F6	463
4861	#FEF3F6	463
4862	#FEF3F6	463
4863	#FFFDFE	344
4864	#FFFDFE	344
4865	#FFFDFE	344
4866	#FFFDFE	344
4867	#FFFDFE	344
4868	#FFFDFE	344
4869	#FFFDFE	344
4870	#FFFDFE	344
4871	#FFFDFE	344
4872	#FFFDFE	344
4873	#FEF3F6	463
4874	#FFFDFE	344
4875	#FFFDFE	344
4876	#FFFDFE	344
4877	#FFFDFE	344
4878	#FFFDFE	344
4879	#FFFDFE	344
4880	#FFFDFE	344
4881	#FFFDFE	344
4882	#FFFDFE	344
4883	#FFFDFE	344
4884	#FEF3F6	463
4885	#FFFAFB	354
4886	#FFFAFB	354
4887	#FEF3F6	463
4888	#FFFAFB	354
4889	#FFFAFB	354
4890	#FFFAFB	354
4891	#FFFAFB	354
4892	#FFFAFB	354
4893	#FFFAFB	354
4894	#FFFAFB	354
4895	#FEF3F6	463
4896	#FEF3F6	463
4897	#FEF3F6	463
4898	#FEF3F6	463
4899	#FEF3F6	463
4901	#FEF3F6	463
4902	#FEF3F6	463
4903	#FEF3F6	463
4904	#FEF3F6	463
4905	#FEF3F6	463
4906	#FEF3F6	463
4907	#FEF3F6	463
4908	#FEF3F6	463
4909	#FEF3F6	463
4910	#FEF3F6	463
4911	#FEF3F6	463
4912	#FEF3F6	463
4913	#FEF3F6	463
4914	#FFFDFE	344
4915	#FFFDFE	344
4916	#FFFDFE	344
4917	#FFFDFE	344
4918	#FFFDFE	344
4919	#FFFDFE	344
4920	#FFFDFE	344
4921	#FFFDFE	344
4922	#FFFDFE	344
4923	#FFFDFE	344
4924	#FEF3F6	463
4925	#FFFDFE	344
4926	#FFFDFE	344
4927	#FFFDFE	344
4928	#FFFDFE	344
4929	#FFFDFE	344
4930	#FFFDFE	344
4931	#FFFDFE	344
4932	#FFFDFE	344
4933	#FFFDFE	344
4934	#FFFDFE	344
4935	#FEF3F6	463
4936	#FFFAFB	354
4937	#FEF3F6	463
4938	#FEF3F6	463
4939	#FEF3F6	463
4940	#FFFAFB	354
4941	#FFFAFB	354
4942	#FFFAFB	354
4943	#FFFAFB	354
4944	#FFFAFB	354
4945	#FEF3F6	463
4946	#FEF3F6	463
4947	#FEF3F6	463
4948	#FEF3F6	463
4949	#FEF3F6	463
4951	#FEF3F6	463
4952	#FEF3F6	463
4953	#FEF3F6	463
4954	#FEF3F6	463
4955	#FEF3F6	463
4956	#FEF3F6	463
4957	#FEF3F6	463
4958	#FEF3F6	463
4959	#FEF3F6	463
4960	#FEF3F6	463
4961	#FEF3F6	463
4962	#FEF3F6	463
4963	#FEF3F6	463
4964	#FFFDFE	344
4965	#FFFDFE	344
4966	#FFFDFE	344
4967	#FFFDFE	344
4968	#FFFDFE	344
4969	#FFFDFE	344
4970	#FFFDFE	344
4971	#FFFDFE	344
4972	#FFFDFE	344
4973	#FFFDFE	344
4974	#FEF3F6	463
4975	#FFFDFE	344
4976	#FFFDFE	344
4977	#FFFDFE	344
4978	#FFFDFE	344
4979	#FFFDFE	344
4980	#FFFDFE	344
4981	#FFFDFE	344
4982	#FFFDFE	344
4983	#FFFDFE	344
4984	#FFFDFE	344
4985	#FEF3F6	463
4986	#FFFAFB	354
4987	#FEF3F6	463
4988	#FEF3F6	463
4989	#FEF3F6	463
4990	#FEF3F6	463
4991	#FEF3F6	463
4992	#FFFAFB	354
4993	#FFFAFB	354
4994	#FFFAFB	354
4995	#FFFAFB	354
4996	#FEF3F6	463
4997	#FEF3F6	463
4998	#FEF3F6	463
4999	#FEF3F6	463
5000	#FEF3F6	463
5002	#FEF3F6	463
5003	#FEF3F6	463
5004	#FEF3F6	463
5005	#FEF3F6	463
5006	#FEF3F6	463
5007	#FEF3F6	463
5008	#FEF3F6	463
5009	#FEF3F6	463
5010	#FEF3F6	463
5011	#FEF3F6	463
5012	#FEF3F6	463
5013	#FEF3F6	463
5014	#FEF3F6	463
5015	#FFFDFE	344
5016	#FFFDFE	344
5017	#FFFDFE	344
5018	#FFFDFE	344
5019	#FFFDFE	344
5020	#FFFDFE	344
5021	#FFFDFE	344
5022	#FFFDFE	344
5023	#FFFDFE	344
5024	#FFFDFE	344
5025	#FEF3F6	463
5026	#FFFDFE	344
5027	#FFFDFE	344
5028	#FFFDFE	344
5029	#FFFDFE	344
5030	#FFFDFE	344
5031	#FFFDFE	344
5032	#FFFDFE	344
5033	#FFFDFE	344
5034	#FFFDFE	344
5035	#FFFAFB	354
5036	#FEF3F6	463
5037	#FEF3F6	463
5038	#FEF3F6	463
5039	#FEF3F6	463
5040	#FEF3F6	463
5041	#FEF3F6	463
5042	#FEF3F6	463
5043	#FEF3F6	463
5044	#FFFAFB	354
5045	#FFFAFB	354
5046	#FEF3F6	463
5047	#FEF3F6	463
5048	#FEF3F6	463
5049	#FEF3F6	463
5050	#FEF3F6	463
5052	#FEF3F6	463
5053	#FEF3F6	463
5054	#FEF3F6	463
5055	#FEF3F6	463
5056	#FEF3F6	463
5057	#FEF3F6	463
5058	#FEF3F6	463
5059	#FEF3F6	463
5060	#FEF3F6	463
5061	#FEF3F6	463
5062	#FEF3F6	463
5063	#FEF3F6	463
5064	#FEF3F6	463
5065	#FFFDFE	344
5066	#FFFDFE	344
5067	#FFFDFE	344
5068	#FFFDFE	344
5069	#FFFDFE	344
5070	#FFFDFE	344
5071	#FFFDFE	344
5072	#FFFDFE	344
5073	#FFFDFE	344
5074	#FFFDFE	344
5075	#FEF3F6	463
5076	#FFFDFE	344
5077	#FFFDFE	344
5078	#FFFDFE	344
5079	#FFFDFE	344
5080	#FFFDFE	344
5081	#FFFDFE	344
5082	#FFFDFE	344
5083	#FFFDFE	344
5084	#FFFDFE	344
5085	#FFFDFE	344
5086	#FEF3F6	463
5087	#FFFDFE	344
5088	#FFFDFE	344
5089	#FFFDFE	344
5090	#FEF3F6	463
5091	#FEF3F6	463
5092	#FEF3F6	463
5093	#FEF3F6	463
5094	#FEF3F6	463
5095	#FFFAFB	354
5096	#FFFAFB	354
5097	#FEF3F6	463
5098	#FEF3F6	463
5099	#FEF3F6	463
5100	#FEF3F6	463
5101	#FEF3F6	463
