group	fill	clickSelects
1	#FFFFFF	2
2	#FFFFFF	205
3	#FFFFFF	205
4	#FFFFFF	205
5	#FFFFFF	205
6	#FFFFFF	205
7	#FFFFFF	2
8	#FFFFFF	2
9	#FFFFFF	205
10	#FFFFFF	205
11	#FFFFFF	205
12	#FFFFFF	205
13	#FFFFFF	205
14	#FFFFFF	2
15	#FFFFFF	205
16	#FFFFFF	205
17	#FFFFFF	205
18	#FFFFFF	205
19	#FFFFFF	2
20	#FFFFFF	2
21	#FFFFFF	2
22	#FFFFFF	2
23	#FFFFFF	2
24	#FFFFFF	2
25	#FFFFFF	2
26	#FFFFFF	2
27	#FFFFFF	2
28	#FFFFFF	2
29	#FFFFFF	2
30	#FFFFFF	2
31	#FFFFFF	2
32	#FFFFFF	2
33	#FFFFFF	2
34	#FFFFFF	2
35	#FFFFFF	2
36	#FFFFFF	205
46	#FFFFFF	205
47	#FFFFFF	205
48	#FFFFFF	205
49	#FFFFFF	205
50	#FFFFFF	205
52	#FFFFFF	205
53	#FFFFFF	205
54	#FFFFFF	2
55	#FFFFFF	2
56	#FFFFFF	2
57	#FFFFFF	2
58	#FFFFFF	2
59	#FFFFFF	205
60	#FFFFFF	205
61	#FFFFFF	205
62	#FFFFFF	205
63	#FFFFFF	205
64	#FFFFFF	2
65	#FFFFFF	205
66	#FFFFFF	205
67	#FFFFFF	205
68	#FFFFFF	205
69	#FFFFFF	205
70	#FFFFFF	205
71	#FFFFFF	2
72	#FFFFFF	2
73	#FFFFFF	2
74	#FFFFFF	2
75	#FFFFFF	2
76	#FFFFFF	2
77	#FFFFFF	2
78	#FFFFFF	2
79	#FFFFFF	2
80	#FFFFFF	2
81	#FFFFFF	2
82	#FFFFFF	2
83	#FFFFFF	2
84	#FFFFFF	2
85	#FFFFFF	2
86	#FFFFFF	2
87	#FFFFFF	2
97	#FFFFFF	205
98	#FFFFFF	205
99	#FFFFFF	205
100	#FFFFFF	205
101	#FFFFFF	205
102	#FFFFFF	205
103	#FFFFFF	205
104	#FFFFFF	205
105	#FFFFFF	2
106	#FFFFFF	2
107	#FFFFFF	2
108	#FFFFFF	2
109	#FFFFFF	2
110	#FFFFFF	205
111	#FFFFFF	205
112	#FFFFFF	205
113	#FFFFFF	205
114	#FFFFFF	205
115	#FFFFFF	2
116	#FFFFFF	205
117	#FFFFFF	205
118	#FFFFFF	205
119	#FFFFFF	205
120	#FFFFFF	205
121	#FFFFFF	205
122	#FFFFFF	2
123	#FFFFFF	2
124	#FFFFFF	2
125	#FFFFFF	2
126	#FFFFFF	2
127	#FFFFFF	2
128	#FFFFFF	2
129	#FFFFFF	2
130	#FFFFFF	2
131	#FFFFFF	2
132	#FFFFFF	2
133	#FFFFFF	2
134	#FFFFFF	2
135	#FFFFFF	2
136	#FFFFFF	2
137	#FFFFFF	205
138	#FFFFFF	2
147	#FFFFFF	205
148	#FFFFFF	205
149	#FFFFFF	205
150	#FFFFFF	205
151	#FFFFFF	205
153	#FFFFFF	2
154	#FFFFFF	2
155	#FFFFFF	205
156	#FFFFFF	205
157	#FFFFFF	205
158	#FFFFFF	205
159	#FFFFFF	205
160	#FFFFFF	205
161	#FFFFFF	205
162	#FFFFFF	205
163	#FFFFFF	205
164	#FFFFFF	205
165	#FFFFFF	2
166	#FFFFFF	205
167	#FFFFFF	205
168	#FFFFFF	205
169	#FFFFFF	2
170	#FFFFFF	2
171	#FFFFFF	205
172	#FFFFFF	2
173	#FFFFFF	205
174	#FFFFFF	205
175	#FFFFFF	205
176	#FFFFFF	2
177	#FFFFFF	205
178	#FFFFFF	205
179	#FFFFFF	205
180	#FFFFFF	205
181	#FFFFFF	205
182	#FFFFFF	2
183	#FFFFFF	2
184	#FFFFFF	2
185	#FFFFFF	2
186	#FFFFFF	205
187	#FFFFFF	2
188	#FFFFFF	2
189	#FFFFFF	2
190	#FFFFFF	205
191	#FFFFFF	205
193	#FFFFFF	205
194	#FFFFFF	205
195	#FFFFFF	205
196	#FFFFFF	205
198	#FFFFFF	2
199	#FFFFFF	2
200	#FFFFFF	2
201	#FFFFFF	2
202	#FFFFFF	205
203	#FFFFFF	2
204	#FFFFFF	2
205	#FFFFFF	2
206	#FFFFFF	205
207	#FFFFFF	205
208	#FFFFFF	205
209	#FFFFFF	205
210	#FFFFFF	205
211	#FFFFFF	205
212	#FFFFFF	205
213	#FFFFFF	205
214	#FFFFFF	205
215	#FFFFFF	205
216	#FFFFFF	2
217	#FFFFFF	205
218	#FFFFFF	205
219	#FFFFFF	205
220	#FFFFFF	205
221	#FFFFFF	205
222	#FFFFFF	2
223	#FFFFFF	205
224	#FFFFFF	205
225	#FFFFFF	205
226	#FFFFFF	205
227	#FFFFFF	2
228	#FFFFFF	205
229	#FFFFFF	205
230	#FFFFFF	205
231	#FFFFFF	205
232	#FFFFFF	205
233	#FFFFFF	2
234	#FFFFFF	2
235	#FFFFFF	2
236	#FFFFFF	205
237	#FFFFFF	205
238	#FFFFFF	2
239	#FFFFFF	2
240	#FFFFFF	205
241	#FFFFFF	205
242	#FFFFFF	205
244	#FFFFFF	205
245	#FFFFFF	205
246	#FFFFFF	205
247	#FFFFFF	205
248	#FFFFFF	2
249	#FFFFFF	2
250	#FFFFFF	2
251	#FFFFFF	2
252	#FFFFFF	2
254	#FFFFFF	2
255	#FFFFFF	2
256	#FFFFFF	2
257	#FFFFFF	205
258	#FFFFFF	205
259	#FFFFFF	205
260	#FFFFFF	205
261	#FFFFFF	205
262	#FFFFFF	205
263	#FFFFFF	205
264	#FFFFFF	205
265	#FFFFFF	205
266	#FFFFFF	2
267	#FFFFFF	205
268	#FFFFFF	205
269	#FFFFFF	205
270	#FFFFFF	205
271	#FFFFFF	205
272	#FFFFFF	205
273	#FFFFFF	2
274	#FFFFFF	2
275	#FFFFFF	205
276	#FFFFFF	205
277	#FFFFFF	2
278	#FFFFFF	205
279	#FFFFFF	205
280	#FFFFFF	205
281	#FFFFFF	205
282	#FFFFFF	205
283	#FFFFFF	2
284	#FFFFFF	205
285	#FFFFFF	2
286	#FFFFFF	205
287	#FFFFFF	2
288	#FFFFFF	2
289	#FFFFFF	205
290	#FFFFFF	205
291	#FFFFFF	205
292	#FFFFFF	205
293	#FFFFFF	205
294	#FFFFFF	205
295	#FFFFFF	205
296	#FFFFFF	205
297	#FFFFFF	205
299	#FFFFFF	2
300	#FFFFFF	2
301	#FFFFFF	2
302	#FFFFFF	2
303	#FFFFFF	2
304	#FFFFFF	2
305	#FFFFFF	2
306	#FFFFFF	2
307	#FFFFFF	2
308	#FFFFFF	205
309	#FFFFFF	205
310	#FFFFFF	205
311	#FFFFFF	205
312	#FFFFFF	205
313	#FFFFFF	205
314	#FFFFFF	205
315	#FFFFFF	205
316	#FFFFFF	205
317	#FFFFFF	2
318	#FFFFFF	205
319	#FFFFFF	205
320	#FFFFFF	205
321	#FFFFFF	205
322	#FFFFFF	205
323	#FFFFFF	205
324	#FFFFFF	2
325	#FFFFFF	205
326	#FFFFFF	205
327	#FFFFFF	205
328	#FFFFFF	2
329	#FFFFFF	205
330	#FFFFFF	205
331	#FFFFFF	205
332	#FFFFFF	205
333	#FFFFFF	205
334	#FFFFFF	205
335	#FFFFFF	2
336	#FFFFFF	2
337	#FFFFFF	2
338	#FFFFFF	2
339	#FFFFFF	2
340	#FFFFFF	205
341	#FFFFFF	2
342	#FFFFFF	205
343	#FFFFFF	205
344	#FFFFFF	205
346	#FFFFFF	205
347	#FFFFFF	205
348	#FFFFFF	205
349	#FFFFFF	2
350	#FFFFFF	2
351	#FFFFFF	2
352	#FFFFFF	2
353	#FFFFFF	2
355	#FFFFFF	2
356	#FFFFFF	2
357	#FFFFFF	2
358	#FFFFFF	2
359	#FFFFFF	205
360	#FFFFFF	205
361	#FFFFFF	205
362	#FFFFFF	205
363	#FFFFFF	205
364	#FFFFFF	205
365	#FFFFFF	205
366	#FFFFFF	205
367	#FFFFFF	2
368	#FFFFFF	205
369	#FFFFFF	205
370	#FFFFFF	205
371	#FFFFFF	205
372	#FFFFFF	205
373	#FFFFFF	205
374	#FFFFFF	2
375	#FFFFFF	205
376	#FFFFFF	205
377	#FFFFFF	205
378	#FFFFFF	2
379	#FFFFFF	205
380	#FFFFFF	205
381	#FFFFFF	205
382	#FFFFFF	205
383	#FFFFFF	205
384	#FFFFFF	205
385	#FFFFFF	2
386	#FFFFFF	2
387	#FFFFFF	2
388	#FFFFFF	2
389	#FFFFFF	2
390	#FFFFFF	2
391	#FFFFFF	2
392	#FFFFFF	205
393	#FFFFFF	205
394	#FFFFFF	205
395	#FFFFFF	205
396	#FFFFFF	205
397	#FFFFFF	205
398	#FFFFFF	205
400	#FFFFFF	2
401	#FFFFFF	2
402	#FFFFFF	2
403	#FFFFFF	2
404	#FFFFFF	2
405	#FFFFFF	2
406	#FFFFFF	2
407	#FFFFFF	2
408	#FFFFFF	2
409	#FFFFFF	205
410	#FFFFFF	205
411	#FFFFFF	205
412	#FFFFFF	205
413	#FFFFFF	205
414	#FFFFFF	205
415	#FFFFFF	205
416	#FFFFFF	205
417	#FFFFFF	205
418	#FFFFFF	2
419	#FFFFFF	205
420	#FFFFFF	205
421	#FFFFFF	205
422	#FFFFFF	205
423	#FFFFFF	205
424	#FFFFFF	2
425	#FFFFFF	2
426	#FFFFFF	205
427	#FFFFFF	205
428	#FFFFFF	205
429	#FFFFFF	2
430	#FFFFFF	205
431	#FFFFFF	205
432	#FFFFFF	205
433	#FFFFFF	205
434	#FFFFFF	205
435	#FFFFFF	205
436	#FFFFFF	2
437	#FFFFFF	2
438	#FFFFFF	2
439	#FFFFFF	2
440	#FFFFFF	2
441	#FFFFFF	2
442	#FFFFFF	205
443	#FFFFFF	205
444	#FFFFFF	205
445	#FFFFFF	205
446	#FFFFFF	205
447	#FFFFFF	205
448	#FFFFFF	205
449	#FFFFFF	205
450	#FFFFFF	2
451	#FFFFFF	2
452	#FFFFFF	2
453	#FFFFFF	2
454	#FFFFFF	2
456	#FFFFFF	2
457	#FFFFFF	2
458	#FFFFFF	205
459	#FFFFFF	2
460	#FFFFFF	205
461	#FFFFFF	205
462	#FFFFFF	205
463	#FFFFFF	205
464	#FFFFFF	205
465	#FFFFFF	205
466	#FFFFFF	205
467	#FFFFFF	205
468	#FFFFFF	2
469	#FFFFFF	205
470	#FFFFFF	205
471	#FFFFFF	205
472	#FFFFFF	205
473	#FFFFFF	205
474	#FFFFFF	205
475	#FFFFFF	2
476	#FFFFFF	205
477	#FFFFFF	205
478	#FFFFFF	205
479	#FFFFFF	2
480	#FFFFFF	205
481	#FFFFFF	205
482	#FFFFFF	205
483	#FFFFFF	205
484	#FFFFFF	205
485	#FFFFFF	205
486	#FFFFFF	2
487	#FFFFFF	2
488	#FFFFFF	2
489	#FFFFFF	2
490	#FFFFFF	2
491	#FFFFFF	2
492	#FFFFFF	2
493	#FFFFFF	205
494	#FFFFFF	205
495	#FFFFFF	205
496	#FFFFFF	205
497	#FFFFFF	205
499	#FFFFFF	205
501	#FFFFFF	2
502	#FFFFFF	2
503	#FFFFFF	2
504	#FFFFFF	2
505	#FFFFFF	205
506	#FFFFFF	2
507	#FFFFFF	2
508	#FFFFFF	2
509	#FFFFFF	2
510	#FFFFFF	2
511	#FFFFFF	205
512	#FFFFFF	205
513	#FFFFFF	205
514	#FFFFFF	205
515	#FFFFFF	205
516	#FFFFFF	205
517	#FFFFFF	205
518	#FFFFFF	205
519	#FFFFFF	2
520	#FFFFFF	205
521	#FFFFFF	205
522	#FFFFFF	205
523	#FFFFFF	205
524	#FFFFFF	205
525	#FFFFFF	205
526	#FFFFFF	2
527	#FFFFFF	205
528	#FFFFFF	205
529	#FFFFFF	205
530	#FFFFFF	2
531	#FFFFFF	205
532	#FFFFFF	205
533	#FFFFFF	205
534	#FFFFFF	205
535	#FFFFFF	205
536	#FFFFFF	205
537	#FFFFFF	2
538	#FFFFFF	2
539	#FFFFFF	2
540	#FFFFFF	2
541	#FFFFFF	2
542	#FFFFFF	2
543	#FFFFFF	2
544	#FFFFFF	205
545	#FFFFFF	205
546	#FFFFFF	205
547	#FFFFFF	205
548	#FFFFFF	205
549	#FFFFFF	205
550	#FFFFFF	205
551	#FFFFFF	2
552	#FFFFFF	2
553	#FFFFFF	2
554	#FFFFFF	2
555	#FFFFFF	205
557	#FFFFFF	2
558	#FFFFFF	2
559	#FFFFFF	205
560	#FFFFFF	205
561	#FFFFFF	2
562	#FFFFFF	2
563	#FFFFFF	205
564	#FFFFFF	205
565	#FFFFFF	205
566	#FFFFFF	205
567	#FFFFFF	205
568	#FFFFFF	205
569	#FFFFFF	2
570	#FFFFFF	205
571	#FFFFFF	205
572	#FFFFFF	205
573	#FFFFFF	205
574	#FFFFFF	205
575	#FFFFFF	205
576	#FFFFFF	205
577	#FFFFFF	205
578	#FFFFFF	205
579	#FFFFFF	205
580	#FFFFFF	2
581	#FFFFFF	205
582	#FFFFFF	205
583	#FFFFFF	205
584	#FFFFFF	205
585	#FFFFFF	205
586	#FFFFFF	205
587	#FFFFFF	205
588	#FFFFFF	2
589	#FFFFFF	205
590	#FFFFFF	205
591	#FFFFFF	2
592	#FFFFFF	205
593	#FFFFFF	2
594	#FFFFFF	205
595	#FFFFFF	205
596	#FFFFFF	205
597	#FFFFFF	205
598	#FFFFFF	205
599	#FFFFFF	205
600	#FFFFFF	205
602	#FFFFFF	2
603	#FFFFFF	2
604	#FFFFFF	2
605	#FFFFFF	2
606	#FFFFFF	205
607	#FFFFFF	2
608	#FFFFFF	2
609	#FFFFFF	2
610	#FFFFFF	205
611	#FFFFFF	205
612	#FFFFFF	2
613	#FFFFFF	205
614	#FFFFFF	205
615	#FFFFFF	205
616	#FFFFFF	205
617	#FFFFFF	205
618	#FFFFFF	205
619	#FFFFFF	205
620	#FFFFFF	2
621	#FFFFFF	205
622	#FFFFFF	205
623	#FFFFFF	205
624	#FFFFFF	205
625	#FFFFFF	205
626	#FFFFFF	205
627	#FFFFFF	205
628	#FFFFFF	205
629	#FFFFFF	205
630	#FFFFFF	205
631	#FFFFFF	2
632	#FFFFFF	205
633	#FFFFFF	205
634	#FFFFFF	205
635	#FFFFFF	205
636	#FFFFFF	205
637	#FFFFFF	205
638	#FFFFFF	205
639	#FFFFFF	205
640	#FFFFFF	205
641	#FFFFFF	205
642	#FFFFFF	2
643	#FFFFFF	2
644	#FFFFFF	205
645	#FFFFFF	205
646	#FFFFFF	205
647	#FFFFFF	205
648	#FFFFFF	205
649	#FFFFFF	205
650	#FFFFFF	205
652	#FFFFFF	2
653	#FFFFFF	2
654	#FFFFFF	2
655	#FFFFFF	205
656	#FFFFFF	205
658	#FFFFFF	2
659	#FFFFFF	2
660	#FFFFFF	205
661	#FFFFFF	2
662	#FFFFFF	2
663	#FFFFFF	2
664	#FFFFFF	205
665	#FFFFFF	205
666	#FFFFFF	205
667	#FFFFFF	205
668	#FFFFFF	205
669	#FFFFFF	205
670	#FFFFFF	2
671	#FFFFFF	205
672	#FFFFFF	205
673	#FFFFFF	205
674	#FFFFFF	205
675	#FFFFFF	205
676	#FFFFFF	205
677	#FFFFFF	205
678	#FFFFFF	205
679	#FFFFFF	205
680	#FFFFFF	205
681	#FFFFFF	2
682	#FFFFFF	205
683	#FFFFFF	205
684	#FFFFFF	205
685	#FFFFFF	205
686	#FFFFFF	205
687	#FFFFFF	205
688	#FFFFFF	205
689	#FFFFFF	205
690	#FFFFFF	205
691	#FFFFFF	205
692	#FFFFFF	2
693	#FFFFFF	205
694	#FFFFFF	205
695	#FFFFFF	205
696	#FFFFFF	205
697	#FFFFFF	205
698	#FFFFFF	205
699	#FFFFFF	205
700	#FFFFFF	205
701	#FFFFFF	205
703	#FFFFFF	2
704	#FFFFFF	2
705	#FFFFFF	2
706	#FFFFFF	2
707	#FFFFFF	205
708	#FFFFFF	2
709	#FFFFFF	2
710	#FFFFFF	2
711	#FFFFFF	205
712	#FFFFFF	2
713	#FFFFFF	205
714	#FFFFFF	205
715	#FFFFFF	205
716	#FFFFFF	205
717	#FFFFFF	205
718	#FFFFFF	205
719	#FFFFFF	205
720	#FFFFFF	205
721	#FFFFFF	2
722	#FFFFFF	205
723	#FFFFFF	205
724	#FFFFFF	205
725	#FFFFFF	205
726	#FFFFFF	205
727	#FFFFFF	205
728	#FFFFFF	205
729	#FFFFFF	205
730	#FFFFFF	205
731	#FFFFFF	205
732	#FFFFFF	2
733	#FFFFFF	205
734	#FFFFFF	205
735	#FFFFFF	205
736	#FFFFFF	205
737	#FFFFFF	205
738	#FFFFFF	205
739	#FFFFFF	205
740	#FFFFFF	205
741	#FFFFFF	205
742	#FFFFFF	205
743	#FFFFFF	2
744	#FFFFFF	205
745	#FFFFFF	205
746	#FFFFFF	205
747	#FFFFFF	205
748	#FFFFFF	205
749	#FFFFFF	205
750	#FFFFFF	205
751	#FFFFFF	205
752	#FFFFFF	205
753	#FFFFFF	2
754	#FFFFFF	2
755	#FFFFFF	205
756	#FFFFFF	205
757	#FFFFFF	205
759	#FFFFFF	2
760	#FFFFFF	2
761	#FFFFFF	205
762	#FFFFFF	205
763	#FFFFFF	205
764	#FFFFFF	205
765	#FFFFFF	205
766	#FFFFFF	205
767	#FFFFFF	205
768	#FFFFFF	205
769	#FFFFFF	205
770	#FFFFFF	205
771	#FFFFFF	2
772	#FFFFFF	205
773	#FFFFFF	205
774	#FFFFFF	205
775	#FFFFFF	205
776	#FFFFFF	205
777	#FFFFFF	205
778	#FFFFFF	205
779	#FFFFFF	205
780	#FFFFFF	205
781	#FFFFFF	205
782	#FFFFFF	2
783	#FFFFFF	205
784	#FFFFFF	205
785	#FFFFFF	205
786	#FFFFFF	205
787	#FFFFFF	205
788	#FFFFFF	205
789	#FFFFFF	205
790	#FFFFFF	205
791	#FFFFFF	205
792	#FFFFFF	205
793	#FFFFFF	2
794	#FFFFFF	205
795	#FFFFFF	205
796	#FFFFFF	205
797	#FFFFFF	205
798	#FFFFFF	205
799	#FFFFFF	205
800	#FFFFFF	205
801	#FFFFFF	205
802	#FFFFFF	205
804	#FFFFFF	2
805	#FFFFFF	2
806	#FFFFFF	2
807	#FFFFFF	205
808	#FFFFFF	205
809	#FFFFFF	2
810	#FFFFFF	2
811	#FFFFFF	2
812	#FFFFFF	205
813	#FFFFFF	205
814	#FFFFFF	205
815	#FFFFFF	205
816	#FFFFFF	205
817	#FFFFFF	205
818	#FFFFFF	205
819	#FFFFFF	205
820	#FFFFFF	205
821	#FFFFFF	205
822	#FFFFFF	2
823	#FFFFFF	205
824	#FFFFFF	205
825	#FFFFFF	205
826	#FFFFFF	205
827	#FFFFFF	205
828	#FFFFFF	205
829	#FFFFFF	205
830	#FFFFFF	205
831	#FFFFFF	205
832	#FFFFFF	205
833	#FFFFFF	2
834	#FFFFFF	205
835	#FFFFFF	205
836	#FFFFFF	205
837	#FFFFFF	205
838	#FFFFFF	205
839	#FFFFFF	205
840	#FFFFFF	205
841	#FFFFFF	205
842	#FFFFFF	205
843	#FFFFFF	205
844	#FFFFFF	2
845	#FFFFFF	205
846	#FFFFFF	205
847	#FFFFFF	205
848	#FFFFFF	205
849	#FFFFFF	205
850	#FFFFFF	205
851	#FFFFFF	205
852	#FFFFFF	205
853	#FFFFFF	205
854	#FFFFFF	2
855	#FFFFFF	2
856	#FFFFFF	2
857	#FFFFFF	205
858	#FFFFFF	205
860	#FFFFFF	2
861	#FFFFFF	2
862	#FFFFFF	205
863	#FFFFFF	205
864	#FFFFFF	205
865	#FFFFFF	205
866	#FFFFFF	205
867	#FFFFFF	205
868	#FFFFFF	205
869	#FFFFFF	205
870	#FFFFFF	205
871	#FFFFFF	205
872	#FFFFFF	2
873	#FFFFFF	205
874	#FFFFFF	205
875	#FFFFFF	205
876	#FFFFFF	205
877	#FFFFFF	205
878	#FFFFFF	205
879	#FFFFFF	205
880	#FFFFFF	205
881	#FFFFFF	205
882	#FFFFFF	205
883	#FFFFFF	2
884	#FFFFFF	205
885	#FFFFFF	205
886	#FFFFFF	205
887	#FFFFFF	205
888	#FFFFFF	205
889	#FFFFFF	205
890	#FFFFFF	205
891	#FFFFFF	205
892	#FFFFFF	205
893	#FFFFFF	205
894	#FFFFFF	2
895	#FFFFFF	205
896	#FFFFFF	205
897	#FFFFFF	205
898	#FFFFFF	205
899	#FFFFFF	205
900	#FFFFFF	205
901	#FFFFFF	205
902	#FFFFFF	205
903	#FFFFFF	205
905	#FFFFFF	2
906	#FFFFFF	2
907	#FFFFFF	2
908	#FFFFFF	205
909	#FFFFFF	205
910	#FFFFFF	2
911	#FFFFFF	2
912	#FFFFFF	2
913	#FFFFFF	205
914	#FFFFFF	205
915	#FFFFFF	205
916	#FFFFFF	205
917	#FFFFFF	205
918	#FFFFFF	205
919	#FFFFFF	205
920	#FFFFFF	205
921	#FFFFFF	205
922	#FFFFFF	205
923	#FFFFFF	2
924	#FFFFFF	205
925	#FFFFFF	205
926	#FFFFFF	205
927	#FFFFFF	205
928	#FFFFFF	205
929	#FFFFFF	205
930	#FFFFFF	205
931	#FFFFFF	205
932	#FFFFFF	205
933	#FFFFFF	205
934	#FFFFFF	2
935	#FFFFFF	205
936	#FFFFFF	205
937	#FFFFFF	205
938	#FFFFFF	205
939	#FFFFFF	205
940	#FFFFFF	205
941	#FFFFFF	205
942	#FFFFFF	205
943	#FFFFFF	205
944	#FFFFFF	205
945	#FFFFFF	2
946	#FFFFFF	205
947	#FFFFFF	205
948	#FFFFFF	205
949	#FFFFFF	205
950	#FFFFFF	205
951	#FFFFFF	205
952	#FFFFFF	205
953	#FFFFFF	205
954	#FFFFFF	205
955	#FFFFFF	2
956	#FFFFFF	2
957	#FFFFFF	205
958	#FFFFFF	205
959	#FFFFFF	205
961	#FFFFFF	2
962	#FFFFFF	2
963	#FFFFFF	205
964	#FFFFFF	205
965	#FFFFFF	205
966	#FFFFFF	205
967	#FFFFFF	205
968	#FFFFFF	205
969	#FFFFFF	205
970	#FFFFFF	205
971	#FFFFFF	205
972	#FFFFFF	205
973	#FFFFFF	2
974	#FFFFFF	205
975	#FFFFFF	205
976	#FFFFFF	205
977	#FFFFFF	205
978	#FFFFFF	205
979	#FFFFFF	205
980	#FFFFFF	205
981	#FFFFFF	205
982	#FFFFFF	205
983	#FFFFFF	205
984	#FFFFFF	2
985	#FFFFFF	205
986	#FFFFFF	205
987	#FFFFFF	205
988	#FFFFFF	205
989	#FFFFFF	205
990	#FFFFFF	205
991	#FFFFFF	205
992	#FFFFFF	205
993	#FFFFFF	205
994	#FFFFFF	205
995	#FFFFFF	2
996	#FFFFFF	205
997	#FFFFFF	205
998	#FFFFFF	205
999	#FFFFFF	205
1000	#FFFFFF	205
1001	#FFFFFF	205
1002	#FFFFFF	205
1003	#FFFFFF	205
1004	#FFFFFF	205
1006	#FFFFFF	2
1007	#FFFFFF	2
1008	#FFFFFF	2
1009	#FFFFFF	205
1010	#FFFFFF	205
1011	#FFFFFF	2
1012	#FFFFFF	2
1013	#FFFFFF	2
1014	#FFFFFF	205
1015	#FFFFFF	205
1016	#FFFFFF	205
1017	#FFFFFF	205
1018	#FFFFFF	205
1019	#FFFFFF	205
1020	#FFFFFF	205
1021	#FFFFFF	205
1022	#FFFFFF	205
1023	#FFFFFF	205
1024	#FFFFFF	2
1025	#FFFFFF	205
1026	#FFFFFF	205
1027	#FFFFFF	205
1028	#FFFFFF	205
1029	#FFFFFF	205
1030	#FFFFFF	205
1031	#FFFFFF	205
1032	#FFFFFF	205
1033	#FFFFFF	205
1034	#FFFFFF	205
1035	#FFFFFF	2
1036	#FFFFFF	205
1037	#FFFFFF	205
1038	#FFFFFF	205
1039	#FFFFFF	205
1040	#FFFFFF	205
1041	#FFFFFF	205
1042	#FFFFFF	205
1043	#FFFFFF	205
1044	#FFFFFF	205
1045	#FFFFFF	205
1046	#FFFFFF	2
1047	#FFFFFF	205
1048	#FFFFFF	205
1049	#FFFFFF	205
1050	#FFFFFF	205
1051	#FFFFFF	205
1052	#FFFFFF	205
1053	#FFFFFF	205
1054	#FFFFFF	205
1055	#FFFFFF	205
1056	#FFFFFF	2
1057	#FFFFFF	205
1058	#FFFFFF	205
1059	#FFFFFF	205
1060	#FFFFFF	205
1062	#FFFFFF	2
1063	#FFFFFF	2
1064	#FFFFFF	205
1065	#FFFFFF	205
1066	#FFFFFF	205
1067	#FFFFFF	205
1068	#FFFFFF	205
1069	#FFFFFF	205
1070	#FFFFFF	205
1071	#FFFFFF	205
1072	#FFFFFF	205
1073	#FFFFFF	205
1074	#FFFFFF	2
1075	#FFFFFF	205
1076	#FFFFFF	205
1077	#FFFFFF	205
1078	#FFFFFF	205
1079	#FFFFFF	205
1080	#FFFFFF	205
1081	#FFFFFF	205
1082	#FFFFFF	205
1083	#FFFFFF	205
1084	#FFFFFF	205
1085	#FFFFFF	2
1086	#FFFFFF	205
1087	#FFFFFF	205
1088	#FFFFFF	205
1089	#FFFFFF	205
1090	#FFFFFF	205
1091	#FFFFFF	205
1092	#FFFFFF	205
1093	#FFFFFF	205
1094	#FFFFFF	205
1095	#FFFFFF	205
1096	#FFFFFF	2
1097	#FFFFFF	205
1098	#FFFFFF	205
1099	#FFFFFF	205
1100	#FFFFFF	205
1101	#FFFFFF	205
1102	#FFFFFF	205
1103	#FFFFFF	205
1104	#FFFFFF	205
1105	#FFFFFF	205
1107	#FFFFFF	2
1108	#FFFFFF	205
1109	#FFFFFF	205
1110	#FFFFFF	205
1111	#FFFFFF	205
1112	#FFFFFF	2
1113	#FFFFFF	2
1114	#FFFFFF	2
1115	#FFFFFF	205
1116	#FFFFFF	205
1117	#FFFFFF	205
1118	#FFFFFF	205
1119	#FFFFFF	205
1120	#FFFFFF	205
1121	#FFFFFF	205
1122	#FFFFFF	205
1123	#FFFFFF	205
1124	#FFFFFF	205
1125	#FFFFFF	205
1126	#FFFFFF	205
1127	#FFFFFF	205
1128	#FFFFFF	205
1129	#FFFFFF	205
1130	#FFFFFF	205
1131	#FFFFFF	205
1132	#FFFFFF	205
1133	#FFFFFF	205
1134	#FFFFFF	205
1135	#FFFFFF	205
1136	#FFFFFF	2
1137	#FFFFFF	205
1138	#FFFFFF	205
1139	#FFFFFF	205
1140	#FFFFFF	205
1141	#FFFFFF	205
1142	#FFFFFF	205
1143	#FFFFFF	205
1144	#FFFFFF	205
1145	#FFFFFF	205
1146	#FFFFFF	205
1147	#FFFFFF	2
1148	#FFFFFF	205
1149	#FFFFFF	205
1150	#FFFFFF	205
1151	#FFFFFF	205
1152	#FFFFFF	205
1153	#FFFFFF	205
1154	#FFFFFF	205
1155	#FFFFFF	205
1156	#FFFFFF	205
1157	#FFFFFF	205
1158	#FFFFFF	205
1159	#FFFFFF	205
1160	#FFFFFF	205
1161	#FFFFFF	205
1163	#FFFFFF	205
1164	#FFFFFF	205
1165	#FFFFFF	2
1166	#FFFFFF	2
1167	#FFFFFF	2
1168	#FFFFFF	2
1169	#FFFFFF	2
1170	#FFFFFF	205
1171	#FFFFFF	205
1172	#FFFFFF	205
1173	#FFFFFF	205
1174	#FFFFFF	205
1175	#FFFFFF	2
1176	#FFFFFF	205
1177	#FFFFFF	205
1178	#FFFFFF	205
1179	#FFFFFF	205
1180	#FFFFFF	2
1181	#FFFFFF	2
1182	#FFFFFF	2
1183	#FFFFFF	2
1184	#FFFFFF	2
1185	#FFFFFF	2
1186	#FFFFFF	2
1187	#FFFFFF	2
1188	#FFFFFF	2
1189	#FFFFFF	2
1190	#FFFFFF	2
1191	#FFFFFF	2
1192	#FFFFFF	2
1193	#FFFFFF	2
1194	#FFFFFF	2
1195	#FFFFFF	2
1196	#FFFFFF	2
1197	#FFFFFF	2
1198	#FFFFFF	2
1199	#FFFFFF	2
1200	#FFFFFF	2
1208	#FFFFFF	2
1209	#FFFFFF	205
1210	#FFFFFF	205
1211	#FFFFFF	205
1212	#FFFFFF	205
1213	#FFFFFF	205
1214	#FFFFFF	205
1215	#FFFFFF	2
1216	#FFFFFF	2
1217	#FFFFFF	2
1218	#FFFFFF	2
1219	#FFFFFF	2
1220	#FFFFFF	205
1221	#FFFFFF	205
1222	#FFFFFF	205
1223	#FFFFFF	2
1224	#FFFFFF	2
1225	#FFFFFF	205
1226	#FFFFFF	2
1227	#FFFFFF	205
1228	#FFFFFF	205
1229	#FFFFFF	205
1230	#FFFFFF	205
1231	#FFFFFF	2
1232	#FFFFFF	2
1233	#FFFFFF	2
1234	#FFFFFF	2
1235	#FFFFFF	2
1236	#FFFFFF	2
1237	#FFFFFF	2
1238	#FFFFFF	205
1239	#FFFFFF	2
1240	#FFFFFF	2
1241	#FFFFFF	2
1242	#FFFFFF	2
1243	#FFFFFF	2
1244	#FFFFFF	2
1245	#FFFFFF	2
1246	#FFFFFF	2
1247	#FFFFFF	205
1248	#FFFFFF	2
1249	#FFFFFF	205
1250	#FFFFFF	2
1258	#FFFFFF	2
1259	#FFFFFF	2
1260	#FFFFFF	205
1261	#FFFFFF	205
1262	#FFFFFF	2
1264	#FFFFFF	2
1265	#FFFFFF	2
1266	#FFFFFF	205
1267	#FFFFFF	2
1268	#FFFFFF	205
1269	#FFFFFF	205
1270	#FFFFFF	205
1271	#FFFFFF	205
1272	#FFFFFF	205
1273	#FFFFFF	205
1274	#FFFFFF	205
1275	#FFFFFF	205
1276	#FFFFFF	2
1277	#FFFFFF	205
1278	#FFFFFF	205
1279	#FFFFFF	205
1280	#FFFFFF	205
1281	#FFFFFF	205
1282	#FFFFFF	205
1283	#FFFFFF	205
1284	#FFFFFF	205
1285	#FFFFFF	205
1286	#FFFFFF	205
1287	#FFFFFF	205
1288	#FFFFFF	205
1289	#FFFFFF	205
1290	#FFFFFF	205
1291	#FFFFFF	205
1292	#FFFFFF	205
1293	#FFFFFF	205
1294	#FFFFFF	205
1295	#FFFFFF	205
1296	#FFFFFF	205
1297	#FFFFFF	205
1298	#FFFFFF	2
1299	#FFFFFF	205
1300	#FFFFFF	205
1301	#FFFFFF	205
1302	#FFFFFF	205
1303	#FFFFFF	205
1304	#FFFFFF	205
1305	#FFFFFF	205
1306	#FFFFFF	205
1307	#FFFFFF	205
1309	#FFFFFF	2
1310	#FFFFFF	2
1311	#FFFFFF	205
1312	#FFFFFF	205
1313	#FFFFFF	205
1314	#FFFFFF	2
1315	#FFFFFF	2
1316	#FFFFFF	2
1317	#FFFFFF	205
1318	#FFFFFF	2
1319	#FFFFFF	205
1320	#FFFFFF	205
1321	#FFFFFF	205
1322	#FFFFFF	205
1323	#FFFFFF	205
1324	#FFFFFF	205
1325	#FFFFFF	205
1326	#FFFFFF	205
1327	#FFFFFF	2
1328	#FFFFFF	205
1329	#FFFFFF	205
1330	#FFFFFF	205
1331	#FFFFFF	205
1332	#FFFFFF	205
1333	#FFFFFF	205
1334	#FFFFFF	205
1335	#FFFFFF	205
1336	#FFFFFF	205
1337	#FFFFFF	205
1338	#FFFFFF	205
1339	#FFFFFF	205
1340	#FFFFFF	205
1341	#FFFFFF	205
1342	#FFFFFF	205
1343	#FFFFFF	205
1344	#FFFFFF	205
1345	#FFFFFF	205
1346	#FFFFFF	205
1347	#FFFFFF	205
1348	#FFFFFF	205
1349	#FFFFFF	205
1350	#FFFFFF	205
1351	#FFFFFF	205
1352	#FFFFFF	205
1353	#FFFFFF	205
1354	#FFFFFF	205
1355	#FFFFFF	205
1356	#FFFFFF	205
1357	#FFFFFF	205
1358	#FFFFFF	205
1359	#FFFFFF	2
1360	#FFFFFF	205
1361	#FFFFFF	205
1362	#FFFFFF	205
1363	#FFFFFF	205
1365	#FFFFFF	2
1366	#FFFFFF	2
1367	#FFFFFF	2
1368	#FFFFFF	2
1369	#FFFFFF	2
1370	#FFFFFF	205
1371	#FFFFFF	205
1372	#FFFFFF	205
1373	#FFFFFF	205
1374	#FFFFFF	205
1375	#FFFFFF	205
1376	#FFFFFF	205
1377	#FFFFFF	205
1378	#FFFFFF	205
1379	#FFFFFF	205
1380	#FFFFFF	205
1381	#FFFFFF	205
1382	#FFFFFF	205
1383	#FFFFFF	205
1384	#FFFFFF	205
1385	#FFFFFF	205
1386	#FFFFFF	205
1387	#FFFFFF	205
1388	#FFFFFF	205
1389	#FFFFFF	205
1390	#FFFFFF	205
1391	#FFFFFF	205
1392	#FFFFFF	205
1393	#FFFFFF	205
1394	#FFFFFF	205
1395	#FFFFFF	205
1396	#FFFFFF	205
1397	#FFFFFF	205
1398	#FFFFFF	205
1399	#FFFFFF	205
1400	#FFFFFF	205
1401	#FFFFFF	205
1402	#FFFFFF	205
1403	#FFFFFF	205
1404	#FFFFFF	205
1405	#FFFFFF	205
1406	#FFFFFF	205
1407	#FFFFFF	205
1408	#FFFFFF	205
1410	#FFFFFF	205
1411	#FFFFFF	205
1412	#FFFFFF	205
1413	#FFFFFF	205
1414	#FFFFFF	205
1415	#FFFFFF	2
1416	#FFFFFF	2
1417	#FFFFFF	2
1418	#FFFFFF	2
1419	#FFFFFF	2
1420	#FFFFFF	205
1421	#FFFFFF	205
1422	#FFFFFF	205
1423	#FFFFFF	205
1424	#FFFFFF	205
1425	#FFFFFF	205
1426	#FFFFFF	205
1427	#FFFFFF	205
1428	#FFFFFF	205
1429	#FFFFFF	205
1430	#FFFFFF	205
1431	#FFFFFF	205
1432	#FFFFFF	205
1433	#FFFFFF	205
1434	#FFFFFF	205
1435	#FFFFFF	205
1436	#FFFFFF	205
1437	#FFFFFF	205
1438	#FFFFFF	205
1439	#FFFFFF	205
1440	#FFFFFF	205
1441	#FFFFFF	205
1442	#FFFFFF	205
1443	#FFFFFF	205
1444	#FFFFFF	205
1445	#FFFFFF	205
1446	#FFFFFF	205
1447	#FFFFFF	205
1448	#FFFFFF	205
1449	#FFFFFF	205
1450	#FFFFFF	2
1451	#FFFFFF	205
1452	#FFFFFF	205
1453	#FFFFFF	205
1454	#FFFFFF	205
1455	#FFFFFF	205
1456	#FFFFFF	205
1457	#FFFFFF	205
1458	#FFFFFF	205
1459	#FFFFFF	205
1460	#FFFFFF	205
1461	#FFFFFF	205
1462	#FFFFFF	205
1463	#FFFFFF	205
1464	#FFFFFF	2
1466	#FFFFFF	2
1467	#FFFFFF	2
1468	#FFFFFF	2
1469	#FFFFFF	2
1470	#FFFFFF	205
1471	#FFFFFF	205
1472	#FFFFFF	205
1473	#FFFFFF	205
1474	#FFFFFF	205
1475	#FFFFFF	205
1476	#FFFFFF	205
1477	#FFFFFF	205
1478	#FFFFFF	2
1479	#FFFFFF	205
1480	#FFFFFF	205
1481	#FFFFFF	205
1482	#FFFFFF	205
1483	#FFFFFF	205
1484	#FFFFFF	205
1485	#FFFFFF	205
1486	#FFFFFF	205
1487	#FFFFFF	205
1488	#FFFFFF	205
1489	#FFFFFF	205
1490	#FFFFFF	205
1491	#FFFFFF	205
1492	#FFFFFF	205
1493	#FFFFFF	205
1494	#FFFFFF	205
1495	#FFFFFF	205
1496	#FFFFFF	205
1497	#FFFFFF	205
1498	#FFFFFF	205
1499	#FFFFFF	205
1500	#FFFFFF	2
1501	#FFFFFF	205
1502	#FFFFFF	205
1503	#FFFFFF	205
1504	#FFFFFF	205
1505	#FFFFFF	205
1506	#FFFFFF	205
1507	#FFFFFF	205
1508	#FFFFFF	205
1509	#FFFFFF	205
1511	#FFFFFF	205
1512	#FFFFFF	205
1513	#FFFFFF	205
1514	#FFFFFF	205
1515	#FFFFFF	2
1516	#FFFFFF	2
1517	#FFFFFF	2
1518	#FFFFFF	2
1519	#FFFFFF	2
1520	#FFFFFF	205
1521	#FFFFFF	205
1522	#FFFFFF	205
1523	#FFFFFF	205
1524	#FFFFFF	205
1525	#FFFFFF	205
1526	#FFFFFF	205
1527	#FFFFFF	205
1528	#FFFFFF	205
1529	#FFFFFF	205
1530	#FFFFFF	205
1531	#FFFFFF	205
1532	#FFFFFF	205
1533	#FFFFFF	205
1534	#FFFFFF	205
1535	#FFFFFF	205
1536	#FFFFFF	205
1537	#FFFFFF	205
1538	#FFFFFF	205
1539	#FFFFFF	205
1540	#FFFFFF	205
1541	#FFFFFF	205
1542	#FFFFFF	205
1543	#FFFFFF	205
1544	#FFFFFF	205
1545	#FFFFFF	205
1546	#FFFFFF	205
1547	#FFFFFF	205
1548	#FFFFFF	205
1549	#FFFFFF	205
1550	#FFFFFF	205
1551	#FFFFFF	2
1552	#FFFFFF	205
1553	#FFFFFF	205
1554	#FFFFFF	205
1555	#FFFFFF	205
1556	#FFFFFF	205
1557	#FFFFFF	205
1558	#FFFFFF	205
1559	#FFFFFF	205
1560	#FFFFFF	205
1561	#FFFFFF	205
1562	#FFFFFF	205
1563	#FFFFFF	205
1564	#FFFFFF	2
1565	#FFFFFF	2
1567	#FFFFFF	2
1568	#FFFFFF	2
1569	#FFFFFF	2
1570	#FFFFFF	205
1571	#FFFFFF	205
1572	#FFFFFF	205
1573	#FFFFFF	205
1574	#FFFFFF	205
1575	#FFFFFF	205
1576	#FFFFFF	205
1577	#FFFFFF	205
1578	#FFFFFF	205
1579	#FFFFFF	2
1580	#FFFFFF	205
1581	#FFFFFF	205
1582	#FFFFFF	205
1583	#FFFFFF	205
1584	#FFFFFF	205
1585	#FFFFFF	205
1586	#FFFFFF	205
1587	#FFFFFF	205
1588	#FFFFFF	205
1589	#FFFFFF	205
1590	#FFFFFF	205
1591	#FFFFFF	205
1592	#FFFFFF	205
1593	#FFFFFF	205
1594	#FFFFFF	205
1595	#FFFFFF	205
1596	#FFFFFF	205
1597	#FFFFFF	205
1598	#FFFFFF	205
1599	#FFFFFF	205
1600	#FFFFFF	205
1601	#FFFFFF	205
1602	#FFFFFF	205
1603	#FFFFFF	205
1604	#FFFFFF	205
1605	#FFFFFF	205
1606	#FFFFFF	205
1607	#FFFFFF	205
1608	#FFFFFF	205
1609	#FFFFFF	205
1610	#FFFFFF	205
1612	#FFFFFF	2
1613	#FFFFFF	205
1614	#FFFFFF	205
1615	#FFFFFF	205
1616	#FFFFFF	205
1617	#FFFFFF	2
1618	#FFFFFF	2
1619	#FFFFFF	2
1620	#FFFFFF	205
1621	#FFFFFF	205
1622	#FFFFFF	205
1623	#FFFFFF	205
1624	#FFFFFF	205
1625	#FFFFFF	205
1626	#FFFFFF	205
1627	#FFFFFF	205
1628	#FFFFFF	205
1629	#FFFFFF	205
1630	#FFFFFF	2
1631	#FFFFFF	205
1632	#FFFFFF	205
1633	#FFFFFF	205
1634	#FFFFFF	205
1635	#FFFFFF	205
1636	#FFFFFF	205
1637	#FFFFFF	205
1638	#FFFFFF	205
1639	#FFFFFF	205
1640	#FFFFFF	205
1641	#FFFFFF	205
1642	#FFFFFF	205
1643	#FFFFFF	205
1644	#FFFFFF	205
1645	#FFFFFF	205
1646	#FFFFFF	205
1647	#FFFFFF	205
1648	#FFFFFF	205
1649	#FFFFFF	205
1650	#FFFFFF	205
1651	#FFFFFF	205
1652	#FFFFFF	2
1653	#FFFFFF	205
1654	#FFFFFF	205
1655	#FFFFFF	205
1656	#FFFFFF	205
1657	#FFFFFF	205
1658	#FFFFFF	205
1659	#FFFFFF	205
1660	#FFFFFF	205
1661	#FFFFFF	205
1662	#FFFFFF	205
1663	#FFFFFF	205
1664	#FFFFFF	205
1665	#FFFFFF	205
1666	#FFFFFF	2
1668	#FFFFFF	2
1669	#FFFFFF	2
1670	#FFFFFF	205
1671	#FFFFFF	205
1672	#FFFFFF	205
1673	#FFFFFF	205
1674	#FFFFFF	205
1675	#FFFFFF	205
1676	#FFFFFF	205
1677	#FFFFFF	205
1678	#FFFFFF	205
1679	#FFFFFF	205
1680	#FFFFFF	2
1681	#FFFFFF	205
1682	#FFFFFF	205
1683	#FFFFFF	205
1684	#FFFFFF	205
1685	#FFFFFF	205
1686	#FFFFFF	205
1687	#FFFFFF	205
1688	#FFFFFF	205
1689	#FFFFFF	205
1690	#FFFFFF	205
1691	#FFFFFF	2
1692	#FFFFFF	205
1693	#FFFFFF	205
1694	#FFFFFF	205
1695	#FFFFFF	205
1696	#FFFFFF	205
1697	#FFFFFF	205
1698	#FFFFFF	205
1699	#FFFFFF	205
1700	#FFFFFF	205
1701	#FFFFFF	205
1702	#FFFFFF	2
1703	#FFFFFF	205
1704	#FFFFFF	205
1705	#FFFFFF	205
1706	#FFFFFF	205
1707	#FFFFFF	205
1708	#FFFFFF	205
1709	#FFFFFF	205
1710	#FFFFFF	205
1711	#FFFFFF	205
1713	#FFFFFF	2
1714	#FFFFFF	205
1715	#FFFFFF	205
1716	#FFFFFF	2
1717	#FFFFFF	2
1718	#FFFFFF	2
1719	#FFFFFF	2
1720	#FFFFFF	2
1721	#FFFFFF	205
1722	#FFFFFF	205
1723	#FFFFFF	205
1724	#FFFFFF	205
1725	#FFFFFF	205
1726	#FFFFFF	205
1727	#FFFFFF	205
1728	#FFFFFF	205
1729	#FFFFFF	205
1730	#FFFFFF	205
1731	#FFFFFF	2
1732	#FFFFFF	205
1733	#FFFFFF	205
1734	#FFFFFF	205
1735	#FFFFFF	205
1736	#FFFFFF	205
1737	#FFFFFF	205
1738	#FFFFFF	205
1739	#FFFFFF	205
1740	#FFFFFF	205
1741	#FFFFFF	205
1742	#FFFFFF	2
1743	#FFFFFF	205
1744	#FFFFFF	205
1745	#FFFFFF	205
1746	#FFFFFF	205
1747	#FFFFFF	205
1748	#FFFFFF	205
1749	#FFFFFF	205
1750	#FFFFFF	205
1751	#FFFFFF	205
1752	#FFFFFF	205
1753	#FFFFFF	2
1754	#FFFFFF	205
1755	#FFFFFF	205
1756	#FFFFFF	205
1757	#FFFFFF	205
1758	#FFFFFF	205
1759	#FFFFFF	205
1760	#FFFFFF	205
1761	#FFFFFF	205
1762	#FFFFFF	205
1763	#FFFFFF	2
1764	#FFFFFF	2
1765	#FFFFFF	2
1766	#FFFFFF	2
1767	#FFFFFF	205
1769	#FFFFFF	2
1770	#FFFFFF	2
1771	#FFFFFF	205
1772	#FFFFFF	205
1773	#FFFFFF	205
1774	#FFFFFF	205
1775	#FFFFFF	205
1776	#FFFFFF	205
1777	#FFFFFF	205
1778	#FFFFFF	205
1779	#FFFFFF	205
1780	#FFFFFF	205
1781	#FFFFFF	2
1782	#FFFFFF	205
1783	#FFFFFF	205
1784	#FFFFFF	205
1785	#FFFFFF	205
1786	#FFFFFF	205
1787	#FFFFFF	205
1788	#FFFFFF	205
1789	#FFFFFF	205
1790	#FFFFFF	205
1791	#FFFFFF	205
1792	#FFFFFF	2
1793	#FFFFFF	205
1794	#FFFFFF	205
1795	#FFFFFF	205
1796	#FFFFFF	205
1797	#FFFFFF	205
1798	#FFFFFF	205
1799	#FFFFFF	205
1800	#FFFFFF	205
1801	#FFFFFF	205
1802	#FFFFFF	205
1803	#FFFFFF	2
1804	#FFFFFF	205
1805	#FFFFFF	205
1806	#FFFFFF	205
1807	#FFFFFF	205
1808	#FFFFFF	205
1809	#FFFFFF	205
1810	#FFFFFF	205
1811	#FFFFFF	205
1812	#FFFFFF	205
1814	#FFFFFF	2
1815	#FFFFFF	2
1816	#FFFFFF	2
1817	#FFFFFF	2
1818	#FFFFFF	2
1819	#FFFFFF	2
1820	#FFFFFF	2
1821	#FFFFFF	2
1822	#FFFFFF	205
1823	#FFFFFF	205
1824	#FFFFFF	205
1825	#FFFFFF	205
1826	#FFFFFF	205
1827	#FFFFFF	205
1828	#FFFFFF	205
1829	#FFFFFF	205
1830	#FFFFFF	205
1831	#FFFFFF	205
1832	#FFFFFF	2
1833	#FFFFFF	205
1834	#FFFFFF	205
1835	#FFFFFF	205
1836	#FFFFFF	205
1837	#FFFFFF	205
1838	#FFFFFF	205
1839	#FFFFFF	205
1840	#FFFFFF	205
1841	#FFFFFF	205
1842	#FFFFFF	205
1843	#FFFFFF	2
1844	#FFFFFF	205
1845	#FFFFFF	205
1846	#FFFFFF	205
1847	#FFFFFF	205
1848	#FFFFFF	205
1849	#FFFFFF	205
1850	#FFFFFF	205
1851	#FFFFFF	205
1852	#FFFFFF	205
1853	#FFFFFF	205
1854	#FFFFFF	2
1855	#FFFFFF	205
1856	#FFFFFF	205
1857	#FFFFFF	205
1858	#FFFFFF	205
1859	#FFFFFF	205
1860	#FFFFFF	205
1861	#FFFFFF	205
1862	#FFFFFF	205
1863	#FFFFFF	205
1864	#FFFFFF	205
1865	#FFFFFF	205
1866	#FFFFFF	2
1867	#FFFFFF	205
1868	#FFFFFF	205
1870	#FFFFFF	2
1871	#FFFFFF	2
1872	#FFFFFF	205
1873	#FFFFFF	205
1874	#FFFFFF	205
1875	#FFFFFF	205
1876	#FFFFFF	205
1877	#FFFFFF	205
1878	#FFFFFF	205
1879	#FFFFFF	205
1880	#FFFFFF	205
1881	#FFFFFF	205
1882	#FFFFFF	2
1883	#FFFFFF	205
1884	#FFFFFF	205
1885	#FFFFFF	205
1886	#FFFFFF	205
1887	#FFFFFF	205
1888	#FFFFFF	205
1889	#FFFFFF	205
1890	#FFFFFF	205
1891	#FFFFFF	205
1892	#FFFFFF	205
1893	#FFFFFF	2
1894	#FFFFFF	205
1895	#FFFFFF	205
1896	#FFFFFF	205
1897	#FFFFFF	205
1898	#FFFFFF	205
1899	#FFFFFF	205
1900	#FFFFFF	205
1901	#FFFFFF	205
1902	#FFFFFF	205
1903	#FFFFFF	205
1904	#FFFFFF	2
1905	#FFFFFF	205
1906	#FFFFFF	205
1907	#FFFFFF	205
1908	#FFFFFF	205
1909	#FFFFFF	205
1910	#FFFFFF	205
1911	#FFFFFF	205
1912	#FFFFFF	205
1913	#FFFFFF	205
1915	#FFFFFF	2
1916	#FFFFFF	205
1917	#FFFFFF	2
1918	#FFFFFF	205
1919	#FFFFFF	205
1920	#FFFFFF	2
1921	#FFFFFF	2
1922	#FFFFFF	2
1923	#FFFFFF	205
1924	#FFFFFF	205
1925	#FFFFFF	205
1926	#FFFFFF	205
1927	#FFFFFF	205
1928	#FFFFFF	205
1929	#FFFFFF	205
1930	#FFFFFF	205
1931	#FFFFFF	205
1932	#FFFFFF	205
1933	#FFFFFF	2
1934	#FFFFFF	205
1935	#FFFFFF	205
1936	#FFFFFF	205
1937	#FFFFFF	205
1938	#FFFFFF	205
1939	#FFFFFF	205
1940	#FFFFFF	205
1941	#FFFFFF	205
1942	#FFFFFF	205
1943	#FFFFFF	205
1944	#FFFFFF	2
1945	#FFFFFF	205
1946	#FFFFFF	205
1947	#FFFFFF	205
1948	#FFFFFF	205
1949	#FFFFFF	205
1950	#FFFFFF	205
1951	#FFFFFF	205
1952	#FFFFFF	205
1953	#FFFFFF	205
1954	#FFFFFF	205
1955	#FFFFFF	2
1956	#FFFFFF	205
1957	#FFFFFF	205
1958	#FFFFFF	205
1959	#FFFFFF	205
1960	#FFFFFF	205
1961	#FFFFFF	205
1962	#FFFFFF	205
1963	#FFFFFF	205
1964	#FFFFFF	205
1965	#FFFFFF	2
1966	#FFFFFF	205
1967	#FFFFFF	205
1968	#FFFFFF	205
1969	#FFFFFF	205
1971	#FFFFFF	2
1972	#FFFFFF	2
1973	#FFFFFF	205
1974	#FFFFFF	205
1975	#FFFFFF	205
1976	#FFFFFF	205
1977	#FFFFFF	205
1978	#FFFFFF	205
1979	#FFFFFF	205
1980	#FFFFFF	205
1981	#FFFFFF	205
1982	#FFFFFF	205
1983	#FFFFFF	2
1984	#FFFFFF	205
1985	#FFFFFF	205
1986	#FFFFFF	205
1987	#FFFFFF	205
1988	#FFFFFF	205
1989	#FFFFFF	205
1990	#FFFFFF	205
1991	#FFFFFF	205
1992	#FFFFFF	205
1993	#FFFFFF	205
1994	#FFFFFF	2
1995	#FFFFFF	205
1996	#FFFFFF	205
1997	#FFFFFF	205
1998	#FFFFFF	205
1999	#FFFFFF	205
2000	#FFFFFF	205
2001	#FFFFFF	205
2002	#FFFFFF	205
2003	#FFFFFF	205
2004	#FFFFFF	205
2005	#FFFFFF	2
2006	#FFFFFF	205
2007	#FFFFFF	205
2008	#FFFFFF	205
2009	#FFFFFF	205
2010	#FFFFFF	205
2011	#FFFFFF	205
2012	#FFFFFF	205
2013	#FFFFFF	205
2014	#FFFFFF	205
2016	#FFFFFF	2
2017	#FFFFFF	2
2018	#FFFFFF	205
2019	#FFFFFF	205
2020	#FFFFFF	205
2021	#FFFFFF	2
2022	#FFFFFF	2
2023	#FFFFFF	2
2024	#FFFFFF	205
2025	#FFFFFF	205
2026	#FFFFFF	205
2027	#FFFFFF	205
2028	#FFFFFF	205
2029	#FFFFFF	205
2030	#FFFFFF	205
2031	#FFFFFF	205
2032	#FFFFFF	205
2033	#FFFFFF	205
2034	#FFFFFF	2
2035	#FFFFFF	205
2036	#FFFFFF	205
2037	#FFFFFF	205
2038	#FFFFFF	205
2039	#FFFFFF	205
2040	#FFFFFF	205
2041	#FFFFFF	205
2042	#FFFFFF	205
2043	#FFFFFF	205
2044	#FFFFFF	205
2045	#FFFFFF	2
2046	#FFFFFF	205
2047	#FFFFFF	205
2048	#FFFFFF	205
2049	#FFFFFF	205
2050	#FFFFFF	205
2051	#FFFFFF	205
2052	#FFFFFF	205
2053	#FFFFFF	205
2054	#FFFFFF	205
2055	#FFFFFF	205
2056	#FFFFFF	2
2057	#FFFFFF	205
2058	#FFFFFF	205
2059	#FFFFFF	205
2060	#FFFFFF	205
2061	#FFFFFF	205
2062	#FFFFFF	205
2063	#FFFFFF	205
2064	#FFFFFF	205
2065	#FFFFFF	205
2066	#FFFFFF	205
2067	#FFFFFF	2
2068	#FFFFFF	205
2069	#FFFFFF	205
2070	#FFFFFF	205
2072	#FFFFFF	2
2073	#FFFFFF	2
2074	#FFFFFF	205
2075	#FFFFFF	205
2076	#FFFFFF	205
2077	#FFFFFF	205
2078	#FFFFFF	205
2079	#FFFFFF	205
2080	#FFFFFF	205
2081	#FFFFFF	205
2082	#FFFFFF	205
2083	#FFFFFF	205
2084	#FFFFFF	2
2085	#FFFFFF	205
2086	#FFFFFF	205
2087	#FFFFFF	205
2088	#FFFFFF	205
2089	#FFFFFF	205
2090	#FFFFFF	205
2091	#FFFFFF	205
2092	#FFFFFF	205
2093	#FFFFFF	205
2094	#FFFFFF	205
2095	#FFFFFF	2
2096	#FFFFFF	205
2097	#FFFFFF	205
2098	#FFFFFF	205
2099	#FFFFFF	205
2100	#FFFFFF	205
2101	#FFFFFF	205
2102	#FFFFFF	205
2103	#FFFFFF	205
2104	#FFFFFF	205
2105	#FFFFFF	205
2106	#FFFFFF	2
2107	#FFFFFF	205
2108	#FFFFFF	205
2109	#FFFFFF	205
2110	#FFFFFF	205
2111	#FFFFFF	205
2112	#FFFFFF	205
2113	#FFFFFF	205
2114	#FFFFFF	205
2115	#FFFFFF	205
2117	#FFFFFF	2
2118	#FFFFFF	205
2119	#FFFFFF	205
2120	#FFFFFF	205
2121	#FFFFFF	205
2122	#FFFFFF	2
2123	#FFFFFF	2
2124	#FFFFFF	2
2125	#FFFFFF	205
2126	#FFFFFF	205
2127	#FFFFFF	205
2128	#FFFFFF	205
2129	#FFFFFF	205
2130	#FFFFFF	205
2131	#FFFFFF	205
2132	#FFFFFF	205
2133	#FFFFFF	205
2134	#FFFFFF	205
2135	#FFFFFF	2
2136	#FFFFFF	205
2137	#FFFFFF	205
2138	#FFFFFF	205
2139	#FFFFFF	205
2140	#FFFFFF	205
2141	#FFFFFF	205
2142	#FFFFFF	205
2143	#FFFFFF	205
2144	#FFFFFF	205
2145	#FFFFFF	205
2146	#FFFFFF	2
2147	#FFFFFF	205
2148	#FFFFFF	205
2149	#FFFFFF	205
2150	#FFFFFF	205
2151	#FFFFFF	205
2152	#FFFFFF	205
2153	#FFFFFF	205
2154	#FFFFFF	205
2155	#FFFFFF	205
2156	#FFFFFF	205
2157	#FFFFFF	2
2158	#FFFFFF	205
2159	#FFFFFF	205
2160	#FFFFFF	205
2161	#FFFFFF	205
2162	#FFFFFF	205
2163	#FFFFFF	205
2164	#FFFFFF	205
2165	#FFFFFF	205
2166	#FFFFFF	205
2167	#FFFFFF	2
2168	#FFFFFF	205
2169	#FFFFFF	205
2170	#FFFFFF	205
2171	#FFFFFF	205
2173	#FFFFFF	2
2174	#FFFFFF	2
2175	#FFFFFF	205
2176	#FFFFFF	205
2177	#FFFFFF	205
2178	#FFFFFF	205
2179	#FFFFFF	205
2180	#FFFFFF	205
2181	#FFFFFF	205
2182	#FFFFFF	205
2183	#FFFFFF	205
2184	#FFFFFF	205
2185	#FFFFFF	2
2186	#FFFFFF	205
2187	#FFFFFF	205
2188	#FFFFFF	205
2189	#FFFFFF	205
2190	#FFFFFF	205
2191	#FFFFFF	205
2192	#FFFFFF	205
2193	#FFFFFF	205
2194	#FFFFFF	205
2195	#FFFFFF	205
2196	#FFFFFF	2
2197	#FFFFFF	205
2198	#FFFFFF	205
2199	#FFFFFF	205
2200	#FFFFFF	205
2201	#FFFFFF	205
2202	#FFFFFF	205
2203	#FFFFFF	205
2204	#FFFFFF	205
2205	#FFFFFF	205
2206	#FFFFFF	205
2207	#FFFFFF	2
2208	#FFFFFF	205
2209	#FFFFFF	205
2210	#FFFFFF	205
2211	#FFFFFF	205
2212	#FFFFFF	205
2213	#FFFFFF	205
2214	#FFFFFF	205
2215	#FFFFFF	205
2216	#FFFFFF	205
2218	#FFFFFF	2
2219	#FFFFFF	205
2220	#FFFFFF	205
2221	#FFFFFF	2
2222	#FFFFFF	2
2223	#FFFFFF	2
2224	#FFFFFF	2
2225	#FFFFFF	2
2226	#FFFFFF	205
2227	#FFFFFF	205
2228	#FFFFFF	205
2229	#FFFFFF	205
2230	#FFFFFF	205
2231	#FFFFFF	205
2232	#FFFFFF	205
2233	#FFFFFF	205
2234	#FFFFFF	205
2235	#FFFFFF	205
2236	#FFFFFF	2
2237	#FFFFFF	205
2238	#FFFFFF	205
2239	#FFFFFF	205
2240	#FFFFFF	205
2241	#FFFFFF	205
2242	#FFFFFF	205
2243	#FFFFFF	205
2244	#FFFFFF	205
2245	#FFFFFF	205
2246	#FFFFFF	205
2247	#FFFFFF	2
2248	#FFFFFF	205
2249	#FFFFFF	205
2250	#FFFFFF	205
2251	#FFFFFF	205
2252	#FFFFFF	205
2253	#FFFFFF	205
2254	#FFFFFF	205
2255	#FFFFFF	205
2256	#FFFFFF	205
2257	#FFFFFF	205
2258	#FFFFFF	2
2259	#FFFFFF	205
2260	#FFFFFF	205
2261	#FFFFFF	205
2262	#FFFFFF	205
2263	#FFFFFF	205
2264	#FFFFFF	205
2265	#FFFFFF	205
2266	#FFFFFF	205
2267	#FFFFFF	205
2268	#FFFFFF	205
2269	#FFFFFF	2
2270	#FFFFFF	2
2271	#FFFFFF	2
2272	#FFFFFF	205
2274	#FFFFFF	2
2275	#FFFFFF	205
2276	#FFFFFF	2
2277	#FFFFFF	2
2278	#FFFFFF	2
2279	#FFFFFF	2
2280	#FFFFFF	205
2281	#FFFFFF	2
2282	#FFFFFF	2
2283	#FFFFFF	205
2284	#FFFFFF	2
2285	#FFFFFF	205
2286	#FFFFFF	2
2287	#FFFFFF	205
2288	#FFFFFF	205
2289	#FFFFFF	205
2290	#FFFFFF	205
2291	#FFFFFF	2
2292	#FFFFFF	2
2293	#FFFFFF	2
2294	#FFFFFF	2
2295	#FFFFFF	2
2296	#FFFFFF	205
2297	#FFFFFF	2
2298	#FFFFFF	2
2299	#FFFFFF	205
2300	#FFFFFF	2
2301	#FFFFFF	2
2302	#FFFFFF	2
2303	#FFFFFF	2
2304	#FFFFFF	2
2306	#FFFFFF	2
2307	#FFFFFF	2
2308	#FFFFFF	2
2309	#FFFFFF	205
2310	#FFFFFF	205
2311	#FFFFFF	2
2319	#FFFFFF	2
2320	#FFFFFF	2
2321	#FFFFFF	2
2322	#FFFFFF	2
2323	#FFFFFF	2
2324	#FFFFFF	2
2325	#FFFFFF	2
2326	#FFFFFF	2
2327	#FFFFFF	2
2328	#FFFFFF	205
2329	#FFFFFF	2
2330	#FFFFFF	2
2331	#FFFFFF	2
2332	#FFFFFF	2
2333	#FFFFFF	2
2334	#FFFFFF	2
2335	#FFFFFF	205
2336	#FFFFFF	205
2337	#FFFFFF	2
2338	#FFFFFF	205
2339	#FFFFFF	205
2340	#FFFFFF	205
2341	#FFFFFF	205
2342	#FFFFFF	2
2343	#FFFFFF	2
2344	#FFFFFF	2
2345	#FFFFFF	2
2346	#FFFFFF	2
2347	#FFFFFF	205
2348	#FFFFFF	2
2349	#FFFFFF	205
2350	#FFFFFF	2
2351	#FFFFFF	2
2352	#FFFFFF	2
2353	#FFFFFF	2
2354	#FFFFFF	2
2355	#FFFFFF	2
2356	#FFFFFF	2
2357	#FFFFFF	2
2358	#FFFFFF	2
2359	#FFFFFF	2
2360	#FFFFFF	2
2361	#FFFFFF	205
2362	#FFFFFF	2
2369	#FFFFFF	2
2370	#FFFFFF	2
2371	#FFFFFF	2
2372	#FFFFFF	2
2373	#FFFFFF	2
2375	#FFFFFF	2
2376	#FFFFFF	2
2377	#FFFFFF	205
2378	#FFFFFF	205
2379	#FFFFFF	205
2380	#FFFFFF	205
2381	#FFFFFF	205
2382	#FFFFFF	205
2383	#FFFFFF	205
2384	#FFFFFF	205
2385	#FFFFFF	205
2386	#FFFFFF	2
2387	#FFFFFF	2
2388	#FFFFFF	205
2389	#FFFFFF	205
2390	#FFFFFF	205
2391	#FFFFFF	205
2392	#FFFFFF	205
2393	#FFFFFF	205
2394	#FFFFFF	205
2395	#FFFFFF	205
2396	#FFFFFF	205
2397	#FFFFFF	205
2398	#FFFFFF	2
2399	#FFFFFF	205
2400	#FFFFFF	205
2401	#FFFFFF	205
2402	#FFFFFF	205
2403	#FFFFFF	205
2404	#FFFFFF	205
2405	#FFFFFF	205
2406	#FFFFFF	205
2407	#FFFFFF	205
2408	#FFFFFF	205
2409	#FFFFFF	2
2410	#FFFFFF	205
2411	#FFFFFF	205
2412	#FFFFFF	205
2413	#FFFFFF	205
2414	#FFFFFF	205
2415	#FFFFFF	205
2416	#FFFFFF	205
2417	#FFFFFF	205
2418	#FFFFFF	205
2420	#FFFFFF	205
2421	#FFFFFF	2
2422	#FFFFFF	2
2423	#FFFFFF	2
2424	#FFFFFF	2
2425	#FFFFFF	2
2426	#FFFFFF	2
2427	#FFFFFF	2
2428	#FFFFFF	205
2429	#FFFFFF	205
2430	#FFFFFF	205
2431	#FFFFFF	205
2432	#FFFFFF	205
2433	#FFFFFF	205
2434	#FFFFFF	205
2435	#FFFFFF	205
2436	#FFFFFF	2
2437	#FFFFFF	2
2438	#FFFFFF	2
2439	#FFFFFF	205
2440	#FFFFFF	205
2441	#FFFFFF	205
2442	#FFFFFF	205
2443	#FFFFFF	205
2444	#FFFFFF	205
2445	#FFFFFF	205
2446	#FFFFFF	205
2447	#FFFFFF	205
2448	#FFFFFF	205
2449	#FFFFFF	2
2450	#FFFFFF	205
2451	#FFFFFF	205
2452	#FFFFFF	205
2453	#FFFFFF	205
2454	#FFFFFF	205
2455	#FFFFFF	205
2456	#FFFFFF	205
2457	#FFFFFF	205
2458	#FFFFFF	205
2459	#FFFFFF	205
2460	#FFFFFF	2
2461	#FFFFFF	205
2462	#FFFFFF	205
2463	#FFFFFF	205
2464	#FFFFFF	205
2465	#FFFFFF	205
2466	#FFFFFF	205
2467	#FFFFFF	205
2468	#FFFFFF	205
2469	#FFFFFF	205
2470	#FFFFFF	205
2471	#FFFFFF	2
2472	#FFFFFF	2
2473	#FFFFFF	2
2474	#FFFFFF	2
2476	#FFFFFF	2
2477	#FFFFFF	2
2478	#FFFFFF	205
2479	#FFFFFF	205
2480	#FFFFFF	2
2481	#FFFFFF	205
2482	#FFFFFF	205
2483	#FFFFFF	205
2484	#FFFFFF	205
2485	#FFFFFF	205
2486	#FFFFFF	2
2487	#FFFFFF	2
2488	#FFFFFF	2
2489	#FFFFFF	2
2490	#FFFFFF	205
2491	#FFFFFF	205
2492	#FFFFFF	205
2493	#FFFFFF	205
2494	#FFFFFF	205
2495	#FFFFFF	205
2496	#FFFFFF	205
2497	#FFFFFF	205
2498	#FFFFFF	205
2499	#FFFFFF	2
2500	#FFFFFF	205
2501	#FFFFFF	205
2502	#FFFFFF	205
2503	#FFFFFF	205
2504	#FFFFFF	205
2505	#FFFFFF	205
2506	#FFFFFF	205
2507	#FFFFFF	205
2508	#FFFFFF	205
2509	#FFFFFF	205
2510	#FFFFFF	205
2511	#FFFFFF	205
2512	#FFFFFF	205
2513	#FFFFFF	205
2514	#FFFFFF	205
2515	#FFFFFF	205
2516	#FFFFFF	205
2517	#FFFFFF	205
2518	#FFFFFF	205
2519	#FFFFFF	205
2521	#FFFFFF	205
2522	#FFFFFF	205
2523	#FFFFFF	2
2524	#FFFFFF	2
2525	#FFFFFF	2
2526	#FFFFFF	205
2527	#FFFFFF	2
2528	#FFFFFF	2
2529	#FFFFFF	2
2530	#FFFFFF	205
2531	#FFFFFF	2
2532	#FFFFFF	205
2533	#FFFFFF	205
2534	#FFFFFF	205
2535	#FFFFFF	205
2536	#FFFFFF	205
2537	#FFFFFF	2
2538	#FFFFFF	2
2539	#FFFFFF	2
2540	#FFFFFF	205
2541	#FFFFFF	205
2542	#FFFFFF	205
2543	#FFFFFF	205
2544	#FFFFFF	205
2545	#FFFFFF	205
2546	#FFFFFF	205
2547	#FFFFFF	205
2548	#FFFFFF	205
2549	#FFFFFF	205
2550	#FFFFFF	205
2551	#FFFFFF	205
2552	#FFFFFF	205
2553	#FFFFFF	205
2554	#FFFFFF	205
2555	#FFFFFF	205
2556	#FFFFFF	205
2557	#FFFFFF	205
2558	#FFFFFF	205
2559	#FFFFFF	205
2560	#FFFFFF	205
2561	#FFFFFF	205
2562	#FFFFFF	205
2563	#FFFFFF	205
2564	#FFFFFF	205
2565	#FFFFFF	205
2566	#FFFFFF	205
2567	#FFFFFF	205
2568	#FFFFFF	205
2569	#FFFFFF	205
2570	#FFFFFF	205
2571	#FFFFFF	205
2572	#FFFFFF	2
2573	#FFFFFF	2
2574	#FFFFFF	2
2575	#FFFFFF	2
2577	#FFFFFF	205
2578	#FFFFFF	2
2579	#FFFFFF	2
2580	#FFFFFF	2
2581	#FFFFFF	2
2582	#FFFFFF	205
2583	#FFFFFF	205
2584	#FFFFFF	205
2585	#FFFFFF	205
2586	#FFFFFF	205
2587	#FFFFFF	2
2588	#FFFFFF	2
2589	#FFFFFF	205
2590	#FFFFFF	2
2591	#FFFFFF	205
2592	#FFFFFF	205
2593	#FFFFFF	205
2594	#FFFFFF	205
2595	#FFFFFF	205
2596	#FFFFFF	205
2597	#FFFFFF	205
2598	#FFFFFF	205
2599	#FFFFFF	205
2600	#FFFFFF	205
2601	#FFFFFF	205
2602	#FFFFFF	205
2603	#FFFFFF	205
2604	#FFFFFF	205
2605	#FFFFFF	205
2606	#FFFFFF	205
2607	#FFFFFF	205
2608	#FFFFFF	205
2609	#FFFFFF	205
2610	#FFFFFF	205
2611	#FFFFFF	2
2612	#FFFFFF	205
2613	#FFFFFF	205
2614	#FFFFFF	205
2615	#FFFFFF	205
2616	#FFFFFF	205
2617	#FFFFFF	205
2618	#FFFFFF	205
2619	#FFFFFF	205
2620	#FFFFFF	205
2622	#FFFFFF	205
2623	#FFFFFF	205
2624	#FFFFFF	2
2625	#FFFFFF	2
2626	#FFFFFF	2
2627	#FFFFFF	205
2628	#FFFFFF	205
2629	#FFFFFF	205
2630	#FFFFFF	2
2631	#FFFFFF	2
2632	#FFFFFF	205
2633	#FFFFFF	205
2634	#FFFFFF	205
2635	#FFFFFF	205
2636	#FFFFFF	2
2637	#FFFFFF	2
2638	#FFFFFF	2
2639	#FFFFFF	205
2640	#FFFFFF	205
2641	#FFFFFF	205
2642	#FFFFFF	205
2643	#FFFFFF	205
2644	#FFFFFF	205
2645	#FFFFFF	205
2646	#FFFFFF	205
2647	#FFFFFF	205
2648	#FFFFFF	205
2649	#FFFFFF	205
2650	#FFFFFF	205
2651	#FFFFFF	2
2652	#FFFFFF	205
2653	#FFFFFF	205
2654	#FFFFFF	205
2655	#FFFFFF	205
2656	#FFFFFF	205
2657	#FFFFFF	205
2658	#FFFFFF	205
2659	#FFFFFF	205
2660	#FFFFFF	205
2661	#FFFFFF	205
2662	#FFFFFF	205
2663	#FFFFFF	205
2664	#FFFFFF	205
2665	#FFFFFF	205
2666	#FFFFFF	205
2667	#FFFFFF	205
2668	#FFFFFF	205
2669	#FFFFFF	205
2670	#FFFFFF	205
2671	#FFFFFF	205
2672	#FFFFFF	2
2673	#FFFFFF	205
2674	#FFFFFF	2
2675	#FFFFFF	2
2676	#FFFFFF	2
2678	#FFFFFF	205
2679	#FFFFFF	205
2680	#FFFFFF	2
2681	#FFFFFF	2
2682	#FFFFFF	2
2683	#FFFFFF	205
2684	#FFFFFF	205
2685	#FFFFFF	205
2686	#FFFFFF	2
2687	#FFFFFF	2
2688	#FFFFFF	2
2689	#FFFFFF	205
2690	#FFFFFF	205
2691	#FFFFFF	205
2692	#FFFFFF	205
2693	#FFFFFF	205
2694	#FFFFFF	205
2695	#FFFFFF	205
2696	#FFFFFF	205
2697	#FFFFFF	205
2698	#FFFFFF	205
2699	#FFFFFF	205
2700	#FFFFFF	205
2701	#FFFFFF	2
2702	#FFFFFF	205
2703	#FFFFFF	205
2704	#FFFFFF	205
2705	#FFFFFF	205
2706	#FFFFFF	205
2707	#FFFFFF	205
2708	#FFFFFF	205
2709	#FFFFFF	205
2710	#FFFFFF	205
2711	#FFFFFF	205
2712	#FFFFFF	205
2713	#FFFFFF	205
2714	#FFFFFF	205
2715	#FFFFFF	205
2716	#FFFFFF	205
2717	#FFFFFF	205
2718	#FFFFFF	205
2719	#FFFFFF	205
2720	#FFFFFF	205
2721	#FFFFFF	205
2723	#FFFFFF	2
2724	#FFFFFF	205
2725	#FFFFFF	2
2726	#FFFFFF	2
2727	#FFFFFF	2
2728	#FFFFFF	205
2729	#FFFFFF	205
2730	#FFFFFF	2
2731	#FFFFFF	2
2732	#FFFFFF	2
2733	#FFFFFF	2
2734	#FFFFFF	205
2735	#FFFFFF	2
2736	#FFFFFF	205
2737	#FFFFFF	2
2738	#FFFFFF	2
2739	#FFFFFF	2
2740	#FFFFFF	205
2741	#FFFFFF	2
2742	#FFFFFF	205
2743	#FFFFFF	205
2744	#FFFFFF	205
2745	#FFFFFF	205
2746	#FFFFFF	205
2747	#FFFFFF	205
2748	#FFFFFF	205
2749	#FFFFFF	205
2750	#FFFFFF	205
2751	#FFFFFF	205
2752	#FFFFFF	205
2753	#FFFFFF	205
2754	#FFFFFF	205
2755	#FFFFFF	205
2756	#FFFFFF	205
2757	#FFFFFF	205
2758	#FFFFFF	205
2759	#FFFFFF	205
2760	#FFFFFF	205
2761	#FFFFFF	205
2762	#FFFFFF	205
2763	#FFFFFF	2
2764	#FFFFFF	205
2765	#FFFFFF	205
2766	#FFFFFF	205
2767	#FFFFFF	205
2768	#FFFFFF	205
2769	#FFFFFF	205
2770	#FFFFFF	205
2771	#FFFFFF	205
2772	#FFFFFF	205
2773	#FFFFFF	2
2774	#FFFFFF	2
2775	#FFFFFF	2
2776	#FFFFFF	2
2777	#FFFFFF	2
2779	#FFFFFF	205
2780	#FFFFFF	205
2781	#FFFFFF	2
2782	#FFFFFF	2
2783	#FFFFFF	2
2784	#FFFFFF	2
2785	#FFFFFF	205
2786	#FFFFFF	2
2787	#FFFFFF	2
2788	#FFFFFF	2
2789	#FFFFFF	2
2790	#FFFFFF	205
2791	#FFFFFF	2
2792	#FFFFFF	2
2793	#FFFFFF	2
2794	#FFFFFF	205
2795	#FFFFFF	205
2796	#FFFFFF	205
2797	#FFFFFF	205
2798	#FFFFFF	205
2799	#FFFFFF	205
2800	#FFFFFF	205
2801	#FFFFFF	205
2802	#FFFFFF	2
2803	#FFFFFF	205
2804	#FFFFFF	205
2805	#FFFFFF	205
2806	#FFFFFF	205
2807	#FFFFFF	205
2808	#FFFFFF	205
2809	#FFFFFF	205
2810	#FFFFFF	205
2811	#FFFFFF	205
2812	#FFFFFF	205
2813	#FFFFFF	2
2814	#FFFFFF	205
2815	#FFFFFF	205
2816	#FFFFFF	205
2817	#FFFFFF	205
2818	#FFFFFF	205
2819	#FFFFFF	205
2820	#FFFFFF	205
2821	#FFFFFF	205
2822	#FFFFFF	205
2824	#FFFFFF	2
2825	#FFFFFF	2
2826	#FFFFFF	2
2827	#FFFFFF	2
2828	#FFFFFF	2
2829	#FFFFFF	2
2830	#FFFFFF	205
2831	#FFFFFF	2
2832	#FFFFFF	2
2833	#FFFFFF	2
2834	#FFFFFF	2
2835	#FFFFFF	2
2836	#FFFFFF	205
2837	#FFFFFF	2
2838	#FFFFFF	2
2839	#FFFFFF	205
2840	#FFFFFF	205
2841	#FFFFFF	205
2842	#FFFFFF	2
2843	#FFFFFF	2
2844	#FFFFFF	205
2845	#FFFFFF	205
2846	#FFFFFF	205
2847	#FFFFFF	205
2848	#FFFFFF	205
2849	#FFFFFF	205
2850	#FFFFFF	205
2851	#FFFFFF	205
2852	#FFFFFF	205
2853	#FFFFFF	2
2854	#FFFFFF	205
2855	#FFFFFF	205
2856	#FFFFFF	205
2857	#FFFFFF	205
2858	#FFFFFF	205
2859	#FFFFFF	205
2860	#FFFFFF	205
2861	#FFFFFF	205
2862	#FFFFFF	205
2863	#FFFFFF	205
2864	#FFFFFF	2
2865	#FFFFFF	205
2866	#FFFFFF	205
2867	#FFFFFF	205
2868	#FFFFFF	205
2869	#FFFFFF	205
2870	#FFFFFF	205
2871	#FFFFFF	205
2872	#FFFFFF	205
2873	#FFFFFF	205
2874	#FFFFFF	2
2875	#FFFFFF	2
2876	#FFFFFF	2
2877	#FFFFFF	2
2878	#FFFFFF	2
2880	#FFFFFF	2
2881	#FFFFFF	2
2882	#FFFFFF	2
2883	#FFFFFF	2
2884	#FFFFFF	2
2885	#FFFFFF	2
2886	#FFFFFF	2
2887	#FFFFFF	2
2888	#FFFFFF	2
2889	#FFFFFF	2
2890	#FFFFFF	205
2891	#FFFFFF	205
2892	#FFFFFF	2
2893	#FFFFFF	2
2894	#FFFFFF	205
2895	#FFFFFF	205
2896	#FFFFFF	205
2897	#FFFFFF	205
2898	#FFFFFF	205
2899	#FFFFFF	205
2900	#FFFFFF	205
2901	#FFFFFF	205
2902	#FFFFFF	205
2903	#FFFFFF	2
2904	#FFFFFF	205
2905	#FFFFFF	205
2906	#FFFFFF	205
2907	#FFFFFF	205
2908	#FFFFFF	205
2909	#FFFFFF	205
2910	#FFFFFF	205
2911	#FFFFFF	205
2912	#FFFFFF	205
2913	#FFFFFF	205
2914	#FFFFFF	2
2915	#FFFFFF	205
2916	#FFFFFF	205
2917	#FFFFFF	205
2918	#FFFFFF	205
2919	#FFFFFF	205
2920	#FFFFFF	205
2921	#FFFFFF	205
2922	#FFFFFF	205
2923	#FFFFFF	205
2925	#FFFFFF	2
2926	#FFFFFF	2
2927	#FFFFFF	2
2928	#FFFFFF	2
2929	#FFFFFF	2
2930	#FFFFFF	2
2931	#FFFFFF	2
2932	#FFFFFF	2
2933	#FFFFFF	2
2934	#FFFFFF	2
2935	#FFFFFF	2
2936	#FFFFFF	2
2937	#FFFFFF	2
2938	#FFFFFF	2
2939	#FFFFFF	205
2940	#FFFFFF	2
2941	#FFFFFF	2
2942	#FFFFFF	2
2943	#FFFFFF	2
2944	#FFFFFF	205
2945	#FFFFFF	205
2946	#FFFFFF	205
2947	#FFFFFF	205
2948	#FFFFFF	205
2949	#FFFFFF	205
2950	#FFFFFF	205
2951	#FFFFFF	205
2952	#FFFFFF	205
2953	#FFFFFF	205
2954	#FFFFFF	2
2955	#FFFFFF	205
2956	#FFFFFF	205
2957	#FFFFFF	205
2958	#FFFFFF	205
2959	#FFFFFF	205
2960	#FFFFFF	205
2961	#FFFFFF	205
2962	#FFFFFF	205
2963	#FFFFFF	205
2964	#FFFFFF	205
2965	#FFFFFF	2
2966	#FFFFFF	205
2967	#FFFFFF	205
2968	#FFFFFF	205
2969	#FFFFFF	205
2970	#FFFFFF	205
2971	#FFFFFF	205
2972	#FFFFFF	205
2973	#FFFFFF	205
2974	#FFFFFF	205
2975	#FFFFFF	2
2976	#FFFFFF	2
2977	#FFFFFF	2
2978	#FFFFFF	2
2979	#FFFFFF	2
2981	#FFFFFF	2
2982	#FFFFFF	2
2983	#FFFFFF	2
2984	#FFFFFF	2
2985	#FFFFFF	2
2986	#FFFFFF	2
2987	#FFFFFF	205
2988	#FFFFFF	205
2989	#FFFFFF	205
2990	#FFFFFF	2
2991	#FFFFFF	2
2992	#FFFFFF	2
2993	#FFFFFF	2
2994	#FFFFFF	205
2995	#FFFFFF	205
2996	#FFFFFF	205
2997	#FFFFFF	205
2998	#FFFFFF	205
2999	#FFFFFF	205
3000	#FFFFFF	205
3001	#FFFFFF	205
3002	#FFFFFF	205
3003	#FFFFFF	205
3004	#FFFFFF	2
3005	#FFFFFF	205
3006	#FFFFFF	205
3007	#FFFFFF	205
3008	#FFFFFF	205
3009	#FFFFFF	205
3010	#FFFFFF	205
3011	#FFFFFF	205
3012	#FFFFFF	205
3013	#FFFFFF	205
3014	#FFFFFF	205
3015	#FFFFFF	2
3016	#FFFFFF	205
3017	#FFFFFF	205
3018	#FFFFFF	205
3019	#FFFFFF	205
3020	#FFFFFF	205
3021	#FFFFFF	205
3022	#FFFFFF	205
3023	#FFFFFF	205
3024	#FFFFFF	205
3026	#FFFFFF	2
3027	#FFFFFF	2
3028	#FFFFFF	2
3029	#FFFFFF	2
3030	#FFFFFF	2
3031	#FFFFFF	2
3032	#FFFFFF	2
3033	#FFFFFF	2
3034	#FFFFFF	2
3035	#FFFFFF	2
3036	#FFFFFF	2
3037	#FFFFFF	2
3038	#FFFFFF	205
3039	#FFFFFF	205
3040	#FFFFFF	2
3041	#FFFFFF	205
3042	#FFFFFF	205
3043	#FFFFFF	205
3044	#FFFFFF	2
3045	#FFFFFF	205
3046	#FFFFFF	205
3047	#FFFFFF	205
3048	#FFFFFF	205
3049	#FFFFFF	205
3050	#FFFFFF	205
3051	#FFFFFF	205
3052	#FFFFFF	205
3053	#FFFFFF	205
3054	#FFFFFF	205
3055	#FFFFFF	2
3056	#FFFFFF	205
3057	#FFFFFF	205
3058	#FFFFFF	205
3059	#FFFFFF	205
3060	#FFFFFF	205
3061	#FFFFFF	205
3062	#FFFFFF	205
3063	#FFFFFF	205
3064	#FFFFFF	205
3065	#FFFFFF	205
3066	#FFFFFF	2
3067	#FFFFFF	205
3068	#FFFFFF	205
3069	#FFFFFF	205
3070	#FFFFFF	205
3071	#FFFFFF	205
3072	#FFFFFF	205
3073	#FFFFFF	205
3074	#FFFFFF	205
3075	#FFFFFF	205
3076	#FFFFFF	2
3077	#FFFFFF	2
3078	#FFFFFF	2
3079	#FFFFFF	2
3080	#FFFFFF	2
3082	#FFFFFF	2
3083	#FFFFFF	2
3084	#FFFFFF	2
3085	#FFFFFF	2
3086	#FFFFFF	2
3087	#FFFFFF	2
3088	#FFFFFF	205
3089	#FFFFFF	205
3090	#FFFFFF	205
3091	#FFFFFF	205
3092	#FFFFFF	205
3093	#FFFFFF	205
3094	#FFFFFF	2
3095	#FFFFFF	205
3096	#FFFFFF	205
3097	#FFFFFF	205
3098	#FFFFFF	205
3099	#FFFFFF	205
3100	#FFFFFF	205
3101	#FFFFFF	205
3102	#FFFFFF	205
3103	#FFFFFF	205
3104	#FFFFFF	205
3105	#FFFFFF	2
3106	#FFFFFF	205
3107	#FFFFFF	205
3108	#FFFFFF	205
3109	#FFFFFF	205
3110	#FFFFFF	205
3111	#FFFFFF	205
3112	#FFFFFF	205
3113	#FFFFFF	205
3114	#FFFFFF	205
3115	#FFFFFF	205
3116	#FFFFFF	2
3117	#FFFFFF	205
3118	#FFFFFF	205
3119	#FFFFFF	205
3120	#FFFFFF	205
3121	#FFFFFF	205
3122	#FFFFFF	205
3123	#FFFFFF	205
3124	#FFFFFF	205
3125	#FFFFFF	205
3127	#FFFFFF	2
3128	#FFFFFF	2
3129	#FFFFFF	2
3130	#FFFFFF	205
3131	#FFFFFF	2
3132	#FFFFFF	2
3133	#FFFFFF	2
3134	#FFFFFF	2
3135	#FFFFFF	2
3136	#FFFFFF	2
3137	#FFFFFF	2
3138	#FFFFFF	205
3139	#FFFFFF	205
3140	#FFFFFF	205
3141	#FFFFFF	205
3142	#FFFFFF	205
3143	#FFFFFF	205
3144	#FFFFFF	205
3145	#FFFFFF	2
3146	#FFFFFF	205
3147	#FFFFFF	205
3148	#FFFFFF	205
3149	#FFFFFF	205
3150	#FFFFFF	205
3151	#FFFFFF	205
3152	#FFFFFF	205
3153	#FFFFFF	205
3154	#FFFFFF	205
3155	#FFFFFF	205
3156	#FFFFFF	2
3157	#FFFFFF	205
3158	#FFFFFF	205
3159	#FFFFFF	205
3160	#FFFFFF	205
3161	#FFFFFF	205
3162	#FFFFFF	205
3163	#FFFFFF	205
3164	#FFFFFF	205
3165	#FFFFFF	205
3166	#FFFFFF	205
3167	#FFFFFF	2
3168	#FFFFFF	205
3169	#FFFFFF	205
3170	#FFFFFF	205
3171	#FFFFFF	205
3172	#FFFFFF	205
3173	#FFFFFF	205
3174	#FFFFFF	205
3175	#FFFFFF	205
3176	#FFFFFF	205
3177	#FFFFFF	2
3178	#FFFFFF	2
3179	#FFFFFF	205
3180	#FFFFFF	2
3181	#FFFFFF	2
3183	#FFFFFF	2
3184	#FFFFFF	2
3185	#FFFFFF	205
3186	#FFFFFF	2
3187	#FFFFFF	2
3188	#FFFFFF	205
3189	#FFFFFF	205
3190	#FFFFFF	205
3191	#FFFFFF	205
3192	#FFFFFF	205
3193	#FFFFFF	205
3194	#FFFFFF	205
3195	#FFFFFF	2
3196	#FFFFFF	205
3197	#FFFFFF	205
3198	#FFFFFF	205
3199	#FFFFFF	205
3200	#FFFFFF	205
3201	#FFFFFF	205
3202	#FFFFFF	205
3203	#FFFFFF	205
3204	#FFFFFF	205
3205	#FFFFFF	205
3206	#FFFFFF	205
3207	#FFFFFF	205
3208	#FFFFFF	205
3209	#FFFFFF	205
3210	#FFFFFF	205
3211	#FFFFFF	205
3212	#FFFFFF	205
3213	#FFFFFF	205
3214	#FFFFFF	205
3215	#FFFFFF	205
3216	#FFFFFF	205
3217	#FFFFFF	2
3218	#FFFFFF	205
3219	#FFFFFF	205
3220	#FFFFFF	205
3221	#FFFFFF	205
3222	#FFFFFF	205
3223	#FFFFFF	205
3224	#FFFFFF	205
3225	#FFFFFF	205
3226	#FFFFFF	205
3228	#FFFFFF	2
3229	#FFFFFF	2
3230	#FFFFFF	205
3231	#FFFFFF	2
3232	#FFFFFF	2
3233	#FFFFFF	2
3234	#FFFFFF	2
3235	#FFFFFF	2
3236	#FFFFFF	2
3237	#FFFFFF	2
3238	#FFFFFF	2
3239	#FFFFFF	205
3240	#FFFFFF	205
3241	#FFFFFF	205
3242	#FFFFFF	205
3243	#FFFFFF	205
3244	#FFFFFF	205
3245	#FFFFFF	205
3246	#FFFFFF	205
3247	#FFFFFF	205
3248	#FFFFFF	205
3249	#FFFFFF	205
3250	#FFFFFF	205
3251	#FFFFFF	205
3252	#FFFFFF	205
3253	#FFFFFF	205
3254	#FFFFFF	205
3255	#FFFFFF	205
3256	#FFFFFF	205
3257	#FFFFFF	205
3258	#FFFFFF	205
3259	#FFFFFF	205
3260	#FFFFFF	205
3261	#FFFFFF	205
3262	#FFFFFF	205
3263	#FFFFFF	205
3264	#FFFFFF	205
3265	#FFFFFF	205
3266	#FFFFFF	205
3267	#FFFFFF	205
3268	#FFFFFF	205
3269	#FFFFFF	205
3270	#FFFFFF	205
3271	#FFFFFF	205
3272	#FFFFFF	205
3273	#FFFFFF	205
3274	#FFFFFF	205
3275	#FFFFFF	205
3276	#FFFFFF	205
3277	#FFFFFF	205
3278	#FFFFFF	205
3279	#FFFFFF	205
3280	#FFFFFF	205
3281	#FFFFFF	2
3282	#FFFFFF	205
3284	#FFFFFF	205
3285	#FFFFFF	2
3286	#FFFFFF	205
3287	#FFFFFF	2
3288	#FFFFFF	205
3289	#FFFFFF	2
3290	#FFFFFF	205
3291	#FFFFFF	205
3292	#FFFFFF	205
3293	#FFFFFF	205
3294	#FFFFFF	205
3295	#FFFFFF	205
3296	#FFFFFF	2
3297	#FFFFFF	205
3298	#FFFFFF	205
3299	#FFFFFF	205
3300	#FFFFFF	205
3301	#FFFFFF	205
3302	#FFFFFF	205
3303	#FFFFFF	205
3304	#FFFFFF	205
3305	#FFFFFF	205
3306	#FFFFFF	205
3307	#FFFFFF	205
3308	#FFFFFF	205
3309	#FFFFFF	205
3310	#FFFFFF	205
3311	#FFFFFF	205
3312	#FFFFFF	205
3313	#FFFFFF	205
3314	#FFFFFF	205
3315	#FFFFFF	205
3316	#FFFFFF	205
3317	#FFFFFF	205
3318	#FFFFFF	205
3319	#FFFFFF	205
3320	#FFFFFF	205
3321	#FFFFFF	205
3322	#FFFFFF	205
3323	#FFFFFF	205
3324	#FFFFFF	205
3325	#FFFFFF	205
3326	#FFFFFF	205
3327	#FFFFFF	205
3329	#FFFFFF	205
3330	#FFFFFF	205
3331	#FFFFFF	205
3332	#FFFFFF	2
3333	#FFFFFF	2
3334	#FFFFFF	205
3335	#FFFFFF	2
3336	#FFFFFF	2
3337	#FFFFFF	205
3338	#FFFFFF	205
3339	#FFFFFF	205
3340	#FFFFFF	205
3341	#FFFFFF	205
3342	#FFFFFF	205
3343	#FFFFFF	205
3344	#FFFFFF	205
3345	#FFFFFF	205
3346	#FFFFFF	205
3347	#FFFFFF	205
3348	#FFFFFF	205
3349	#FFFFFF	205
3350	#FFFFFF	205
3351	#FFFFFF	205
3352	#FFFFFF	205
3353	#FFFFFF	205
3354	#FFFFFF	205
3355	#FFFFFF	205
3356	#FFFFFF	205
3357	#FFFFFF	205
3358	#FFFFFF	205
3359	#FFFFFF	205
3360	#FFFFFF	205
3361	#FFFFFF	205
3362	#FFFFFF	205
3363	#FFFFFF	205
3364	#FFFFFF	205
3365	#FFFFFF	205
3366	#FFFFFF	205
3367	#FFFFFF	205
3368	#FFFFFF	205
3369	#FFFFFF	205
3370	#FFFFFF	205
3371	#FFFFFF	205
3372	#FFFFFF	205
3373	#FFFFFF	205
3374	#FFFFFF	205
3375	#FFFFFF	205
3376	#FFFFFF	205
3377	#FFFFFF	205
3378	#FFFFFF	205
3379	#FFFFFF	205
3380	#FFFFFF	205
3381	#FFFFFF	2
3382	#FFFFFF	205
3383	#FFFFFF	205
3385	#FFFFFF	2
3386	#FFFFFF	2
3387	#FFFFFF	2
3388	#FFFFFF	205
3389	#FFFFFF	2
3390	#FFFFFF	2
3391	#FFFFFF	2
3392	#FFFFFF	2
3393	#FFFFFF	2
3394	#FFFFFF	2
3395	#FFFFFF	205
3396	#FFFFFF	205
3397	#FFFFFF	2
3398	#FFFFFF	205
3399	#FFFFFF	205
3400	#FFFFFF	205
3401	#FFFFFF	205
3402	#FFFFFF	2
3403	#FFFFFF	205
3404	#FFFFFF	205
3405	#FFFFFF	2
3406	#FFFFFF	2
3407	#FFFFFF	205
3408	#FFFFFF	2
3409	#FFFFFF	205
3410	#FFFFFF	2
3411	#FFFFFF	2
3412	#FFFFFF	2
3413	#FFFFFF	2
3414	#FFFFFF	2
3415	#FFFFFF	2
3416	#FFFFFF	2
3417	#FFFFFF	2
3418	#FFFFFF	2
3419	#FFFFFF	2
3420	#FFFFFF	2
3421	#FFFFFF	2
3422	#FFFFFF	205
3423	#FFFFFF	2
3430	#FFFFFF	2
3431	#FFFFFF	2
3432	#FFFFFF	2
3433	#FFFFFF	2
3434	#FFFFFF	2
3435	#FFFFFF	2
3436	#FFFFFF	2
3437	#FFFFFF	2
3438	#FFFFFF	205
3439	#FFFFFF	2
3440	#FFFFFF	2
3441	#FFFFFF	2
3442	#FFFFFF	2
3443	#FFFFFF	2
3444	#FFFFFF	2
3445	#FFFFFF	205
3446	#FFFFFF	205
3447	#FFFFFF	205
3448	#FFFFFF	2
3449	#FFFFFF	205
3450	#FFFFFF	205
3451	#FFFFFF	205
3452	#FFFFFF	2
3453	#FFFFFF	2
3454	#FFFFFF	205
3455	#FFFFFF	2
3456	#FFFFFF	2
3457	#FFFFFF	205
3458	#FFFFFF	205
3459	#FFFFFF	2
3460	#FFFFFF	205
3461	#FFFFFF	205
3462	#FFFFFF	2
3463	#FFFFFF	2
3464	#FFFFFF	2
3465	#FFFFFF	2
3466	#FFFFFF	2
3467	#FFFFFF	2
3468	#FFFFFF	2
3469	#FFFFFF	2
3470	#FFFFFF	2
3471	#FFFFFF	2
3472	#FFFFFF	2
3473	#FFFFFF	205
3474	#FFFFFF	205
3480	#FFFFFF	2
3481	#FFFFFF	2
3482	#FFFFFF	2
3483	#FFFFFF	2
3484	#FFFFFF	205
3486	#FFFFFF	205
3487	#FFFFFF	2
3488	#FFFFFF	205
3489	#FFFFFF	205
3490	#FFFFFF	205
3491	#FFFFFF	205
3492	#FFFFFF	205
3493	#FFFFFF	205
3494	#FFFFFF	205
3495	#FFFFFF	205
3496	#FFFFFF	205
3497	#FFFFFF	205
3498	#FFFFFF	2
3499	#FFFFFF	205
3500	#FFFFFF	205
3501	#FFFFFF	205
3502	#FFFFFF	205
3503	#FFFFFF	205
3504	#FFFFFF	205
3505	#FFFFFF	205
3506	#FFFFFF	205
3507	#FFFFFF	205
3508	#FFFFFF	205
3509	#FFFFFF	2
3510	#FFFFFF	205
3511	#FFFFFF	205
3512	#FFFFFF	205
3513	#FFFFFF	205
3514	#FFFFFF	205
3515	#FFFFFF	205
3516	#FFFFFF	205
3517	#FFFFFF	205
3518	#FFFFFF	205
3519	#FFFFFF	205
3520	#FFFFFF	2
3521	#FFFFFF	205
3522	#FFFFFF	205
3523	#FFFFFF	205
3524	#FFFFFF	205
3525	#FFFFFF	205
3526	#FFFFFF	205
3527	#FFFFFF	205
3528	#FFFFFF	205
3529	#FFFFFF	205
3531	#FFFFFF	205
3532	#FFFFFF	205
3533	#FFFFFF	2
3534	#FFFFFF	2
3535	#FFFFFF	205
3536	#FFFFFF	205
3537	#FFFFFF	205
3538	#FFFFFF	205
3539	#FFFFFF	205
3540	#FFFFFF	205
3541	#FFFFFF	205
3542	#FFFFFF	205
3543	#FFFFFF	205
3544	#FFFFFF	205
3545	#FFFFFF	205
3546	#FFFFFF	205
3547	#FFFFFF	205
3548	#FFFFFF	205
3549	#FFFFFF	2
3550	#FFFFFF	205
3551	#FFFFFF	205
3552	#FFFFFF	205
3553	#FFFFFF	205
3554	#FFFFFF	205
3555	#FFFFFF	205
3556	#FFFFFF	205
3557	#FFFFFF	205
3558	#FFFFFF	205
3559	#FFFFFF	205
3560	#FFFFFF	2
3561	#FFFFFF	205
3562	#FFFFFF	205
3563	#FFFFFF	205
3564	#FFFFFF	205
3565	#FFFFFF	205
3566	#FFFFFF	205
3567	#FFFFFF	205
3568	#FFFFFF	205
3569	#FFFFFF	205
3570	#FFFFFF	205
3571	#FFFFFF	2
3572	#FFFFFF	205
3573	#FFFFFF	205
3574	#FFFFFF	205
3575	#FFFFFF	205
3576	#FFFFFF	205
3577	#FFFFFF	140
3578	#FFFFFF	205
3579	#FFFFFF	205
3580	#FFFFFF	205
3581	#FFFFFF	205
3582	#FFFFFF	205
3583	#FFFFFF	205
3584	#FFFFFF	2
3585	#FFFFFF	205
3587	#FFFFFF	205
3588	#FFFFFF	205
3589	#FFFFFF	205
3590	#FFFFFF	205
3591	#FFFFFF	205
3592	#FFFFFF	205
3593	#FFFFFF	205
3594	#FFFFFF	205
3595	#FFFFFF	205
3596	#FFFFFF	205
3597	#FFFFFF	205
3598	#FFFFFF	205
3599	#FFFFFF	2
3600	#FFFFFF	205
3601	#FFFFFF	205
3602	#FFFFFF	205
3603	#FFFFFF	205
3604	#FFFFFF	205
3605	#FFFFFF	205
3606	#FFFFFF	205
3607	#FFFFFF	205
3608	#FFFFFF	205
3609	#FFFFFF	205
3610	#FFFFFF	205
3611	#FFFFFF	205
3612	#FFFFFF	205
3613	#FFFFFF	205
3614	#FFFFFF	205
3615	#FFFFFF	205
3616	#FFFFFF	205
3617	#FFFFFF	205
3618	#FFFFFF	205
3619	#FFFFFF	205
3620	#FFFFFF	205
3621	#FFFFFF	2
3622	#FFFFFF	205
3623	#FFFFFF	205
3624	#FFFFFF	205
3625	#FFFFFF	205
3626	#FFFFFF	205
3627	#FFFFFF	140
3628	#FFFFFF	140
3629	#FFFFFF	205
3630	#FFFFFF	205
3632	#FFFFFF	205
3633	#FFFFFF	205
3634	#FFFFFF	205
3635	#FFFFFF	205
3636	#FFFFFF	2
3637	#FFFFFF	205
3638	#FFFFFF	205
3639	#FFFFFF	205
3640	#FFFFFF	205
3641	#FFFFFF	205
3642	#FFFFFF	205
3643	#FFFFFF	205
3644	#FFFFFF	205
3645	#FFFFFF	205
3646	#FFFFFF	205
3647	#FFFFFF	205
3648	#FFFFFF	205
3649	#FFFFFF	205
3650	#FFFFFF	205
3651	#FFFFFF	205
3652	#FFFFFF	205
3653	#FFFFFF	205
3654	#FFFFFF	205
3655	#FFFFFF	205
3656	#FFFFFF	205
3657	#FFFFFF	205
3658	#FFFFFF	205
3659	#FFFFFF	205
3660	#FFFFFF	205
3661	#FFFFFF	205
3662	#FFFFFF	205
3663	#FFFFFF	205
3664	#FFFFFF	205
3665	#FFFFFF	205
3666	#FFFFFF	205
3667	#FFFFFF	205
3668	#FFFFFF	205
3669	#FFFFFF	205
3670	#FFFFFF	205
3671	#FFFFFF	205
3672	#FFFFFF	205
3673	#FFFFFF	205
3674	#FFFFFF	205
3675	#FFFFFF	205
3676	#FFFFFF	205
3677	#FFFFFF	205
3678	#FFFFFF	140
3679	#FFFFFF	205
3680	#FFFFFF	205
3681	#FFFFFF	205
3682	#FFFFFF	205
3683	#FFFFFF	2
3684	#FFFFFF	205
3685	#FFFFFF	2
3686	#FFFFFF	2
3688	#FFFFFF	205
3689	#FFFFFF	205
3690	#FFFFFF	205
3691	#FFFFFF	205
3692	#FFFFFF	205
3693	#FFFFFF	205
3694	#FFFFFF	205
3695	#FFFFFF	205
3696	#FFFFFF	205
3697	#FFFFFF	205
3698	#FFFFFF	205
3699	#FFFFFF	205
3700	#FFFFFF	205
3701	#FFFFFF	205
3702	#FFFFFF	205
3703	#FFFFFF	205
3704	#FFFFFF	205
3705	#FFFFFF	205
3706	#FFFFFF	205
3707	#FFFFFF	205
3708	#FFFFFF	205
3709	#FFFFFF	205
3710	#FFFFFF	205
3711	#FFFFFF	205
3712	#FFFFFF	205
3713	#FFFFFF	205
3714	#FFFFFF	205
3715	#FFFFFF	205
3716	#FFFFFF	205
3717	#FFFFFF	205
3718	#FFFFFF	205
3719	#FFFFFF	205
3720	#FFFFFF	205
3721	#FFFFFF	205
3722	#FFFFFF	205
3723	#FFFFFF	205
3724	#FFFFFF	205
3725	#FFFFFF	205
3726	#FFFFFF	205
3727	#FFFFFF	205
3728	#FFFFFF	140
3729	#FFFFFF	140
3730	#FFFFFF	205
3731	#FFFFFF	205
3733	#FFFFFF	205
3734	#FFFFFF	205
3735	#FFFFFF	2
3736	#FFFFFF	2
3737	#FFFFFF	2
3738	#FFFFFF	205
3739	#FFFFFF	205
3740	#FFFFFF	205
3741	#FFFFFF	205
3742	#FFFFFF	205
3743	#FFFFFF	205
3744	#FFFFFF	205
3745	#FFFFFF	205
3746	#FFFFFF	205
3747	#FFFFFF	205
3748	#FFFFFF	205
3749	#FFFFFF	205
3750	#FFFFFF	205
3751	#FFFFFF	205
3752	#FFFFFF	205
3753	#FFFFFF	205
3754	#FFFFFF	205
3755	#FFFFFF	205
3756	#FFFFFF	205
3757	#FFFFFF	205
3758	#FFFFFF	205
3759	#FFFFFF	205
3760	#FFFFFF	205
3761	#FFFFFF	205
3762	#FFFFFF	205
3763	#FFFFFF	205
3764	#FFFFFF	205
3765	#FFFFFF	205
3766	#FFFFFF	205
3767	#FFFFFF	205
3768	#FFFFFF	205
3769	#FFFFFF	205
3770	#FFFFFF	205
3771	#FFFFFF	205
3772	#FFFFFF	205
3773	#FFFFFF	205
3774	#FFFFFF	205
3775	#FFFFFF	205
3776	#FFFFFF	205
3777	#FFFFFF	205
3778	#FFFFFF	140
3779	#FFFFFF	140
3780	#FFFFFF	140
3781	#FFFFFF	205
3782	#FFFFFF	205
3783	#FFFFFF	205
3784	#FFFFFF	205
3785	#FFFFFF	2
3786	#FFFFFF	2
3787	#FFFFFF	205
3789	#FFFFFF	205
3790	#FFFFFF	205
3791	#FFFFFF	205
3792	#FFFFFF	205
3793	#FFFFFF	205
3794	#FFFFFF	205
3795	#FFFFFF	205
3796	#FFFFFF	205
3797	#FFFFFF	205
3798	#FFFFFF	205
3799	#FFFFFF	205
3800	#FFFFFF	205
3801	#FFFFFF	205
3802	#FFFFFF	205
3803	#FFFFFF	205
3804	#FFFFFF	205
3805	#FFFFFF	205
3806	#FFFFFF	205
3807	#FFFFFF	205
3808	#FFFFFF	205
3809	#FFFFFF	205
3810	#FFFFFF	205
3811	#FFFFFF	205
3812	#FFFFFF	205
3813	#FFFFFF	205
3814	#FFFFFF	205
3815	#FFFFFF	205
3816	#FFFFFF	205
3817	#FFFFFF	205
3818	#FFFFFF	205
3819	#FFFFFF	205
3820	#FFFFFF	205
3821	#FFFFFF	205
3822	#FFFFFF	205
3823	#FFFFFF	205
3824	#FFFFFF	205
3825	#FFFFFF	205
3826	#FFFFFF	205
3827	#FFFFFF	205
3828	#FFFFFF	205
3829	#FFFFFF	140
3830	#FFFFFF	140
3831	#FFFFFF	140
3832	#FFFFFF	205
3834	#FFFFFF	205
3835	#FFFFFF	205
3836	#FFFFFF	2
3837	#FFFFFF	205
3838	#FFFFFF	205
3839	#FFFFFF	205
3840	#FFFFFF	205
3841	#FFFFFF	205
3842	#FFFFFF	205
3843	#FFFFFF	205
3844	#FFFFFF	205
3845	#FFFFFF	205
3846	#FFFFFF	205
3847	#FFFFFF	205
3848	#FFFFFF	205
3849	#FFFFFF	205
3850	#FFFFFF	205
3851	#FFFFFF	205
3852	#FFFFFF	205
3853	#FFFFFF	205
3854	#FFFFFF	205
3855	#FFFFFF	205
3856	#FFFFFF	205
3857	#FFFFFF	205
3858	#FFFFFF	205
3859	#FFFFFF	205
3860	#FFFFFF	205
3861	#FFFFFF	205
3862	#FFFFFF	205
3863	#FFFFFF	205
3864	#FFFFFF	205
3865	#FFFFFF	205
3866	#FFFFFF	205
3867	#FFFFFF	205
3868	#FFFFFF	205
3869	#FFFFFF	205
3870	#FFFFFF	205
3871	#FFFFFF	205
3872	#FFFFFF	205
3873	#FFFFFF	205
3874	#FFFFFF	205
3875	#FFFFFF	205
3876	#FFFFFF	205
3877	#FFFFFF	205
3878	#FFFFFF	140
3879	#FFFFFF	140
3880	#FFFFFF	140
3881	#FFFFFF	205
3882	#FFFFFF	140
3883	#FFFFFF	205
3884	#FFFFFF	205
3885	#FFFFFF	205
3886	#FFFFFF	2
3887	#FFFFFF	205
3888	#FFFFFF	205
3890	#FFFFFF	2
3891	#FFFFFF	205
3892	#FFFFFF	205
3893	#FFFFFF	205
3894	#FFFFFF	205
3895	#FFFFFF	205
3896	#FFFFFF	205
3897	#FFFFFF	205
3898	#FFFFFF	205
3899	#FFFFFF	205
3900	#FFFFFF	205
3901	#FFFFFF	205
3902	#FFFFFF	205
3903	#FFFFFF	205
3904	#FFFFFF	205
3905	#FFFFFF	205
3906	#FFFFFF	205
3907	#FFFFFF	205
3908	#FFFFFF	205
3909	#FFFFFF	205
3910	#FFFFFF	205
3911	#FFFFFF	205
3912	#FFFFFF	205
3913	#FFFFFF	205
3914	#FFFFFF	205
3915	#FFFFFF	205
3916	#FFFFFF	205
3917	#FFFFFF	205
3918	#FFFFFF	205
3919	#FFFFFF	205
3920	#FFFFFF	205
3921	#FFFFFF	205
3922	#FFFFFF	205
3923	#FFFFFF	205
3924	#FFFFFF	205
3925	#FFFFFF	205
3926	#FFFFFF	205
3927	#FFFFFF	205
3928	#FFFFFF	140
3929	#FFFFFF	140
3930	#FFFFFF	140
3931	#FFFFFF	140
3932	#FFFFFF	205
3933	#FFFFFF	205
3935	#FFFFFF	205
3936	#FFFFFF	205
3937	#FFFFFF	2
3938	#FFFFFF	205
3939	#FFFFFF	205
3940	#FFFFFF	2
3941	#FFFFFF	2
3942	#FFFFFF	205
3943	#FFFFFF	205
3944	#FFFFFF	205
3945	#FFFFFF	205
3946	#FFFFFF	205
3947	#FFFFFF	205
3948	#FFFFFF	205
3949	#FFFFFF	205
3950	#FFFFFF	205
3951	#FFFFFF	205
3952	#FFFFFF	205
3953	#FFFFFF	205
3954	#FFFFFF	205
3955	#FFFFFF	205
3956	#FFFFFF	205
3957	#FFFFFF	205
3958	#FFFFFF	205
3959	#FFFFFF	205
3960	#FFFFFF	205
3961	#FFFFFF	205
3962	#FFFFFF	205
3963	#FFFFFF	205
3964	#FFFFFF	205
3965	#FFFFFF	205
3966	#FFFFFF	205
3967	#FFFFFF	205
3968	#FFFFFF	205
3969	#FFFFFF	205
3970	#FFFFFF	205
3971	#FFFFFF	205
3972	#FFFFFF	205
3973	#FFFFFF	205
3974	#FFFFFF	205
3975	#FFFFFF	205
3976	#FFFFFF	205
3977	#FFFFFF	205
3978	#FFFFFF	140
3979	#FFFFFF	140
3980	#FFFFFF	140
3981	#FFFFFF	140
3982	#FFFFFF	205
3983	#FFFFFF	205
3984	#FFFFFF	140
3985	#FFFFFF	205
3986	#FFFFFF	205
3987	#FFFFFF	205
3988	#FFFFFF	205
3989	#FFFFFF	205
3991	#FFFFFF	2
3992	#FFFFFF	2
3993	#FFFFFF	205
3994	#FFFFFF	205
3995	#FFFFFF	205
3996	#FFFFFF	205
3997	#FFFFFF	205
3998	#FFFFFF	205
3999	#FFFFFF	205
4000	#FFFFFF	205
4001	#FFFFFF	205
4002	#FFFFFF	205
4003	#FFFFFF	205
4004	#FFFFFF	205
4005	#FFFFFF	205
4006	#FFFFFF	205
4007	#FFFFFF	205
4008	#FFFFFF	205
4009	#FFFFFF	205
4010	#FFFFFF	205
4011	#FFFFFF	205
4012	#FFFFFF	205
4013	#FFFFFF	205
4014	#FFFFFF	205
4015	#FFFFFF	205
4016	#FFFFFF	205
4017	#FFFFFF	205
4018	#FFFFFF	205
4019	#FFFFFF	205
4020	#FFFFFF	205
4021	#FFFFFF	205
4022	#FFFFFF	205
4023	#FFFFFF	205
4024	#FFFFFF	205
4025	#FFFFFF	205
4026	#FFFFFF	140
4027	#FFFFFF	140
4028	#FFFFFF	140
4029	#FFFFFF	140
4030	#FFFFFF	140
4031	#FFFFFF	140
4032	#FFFFFF	140
4033	#FFFFFF	140
4034	#FFFFFF	205
4036	#FFFFFF	205
4037	#FFFFFF	205
4038	#FFFFFF	205
4039	#FFFFFF	205
4040	#FFFFFF	205
4042	#FFFFFF	2
4043	#FFFFFF	2
4044	#FFFFFF	205
4045	#FFFFFF	2
4046	#FFFFFF	2
4047	#FFFFFF	2
4048	#FFFFFF	205
4049	#FFFFFF	2
4050	#FFFFFF	2
4051	#FFFFFF	205
4052	#FFFFFF	205
4053	#FFFFFF	205
4054	#FFFFFF	2
4055	#FFFFFF	205
4056	#FFFFFF	205
4057	#FFFFFF	205
4058	#FFFFFF	205
4059	#FFFFFF	205
4060	#FFFFFF	205
4061	#FFFFFF	2
4062	#FFFFFF	2
4063	#FFFFFF	205
4064	#FFFFFF	205
4065	#FFFFFF	2
4066	#FFFFFF	205
4067	#FFFFFF	205
4068	#FFFFFF	2
4069	#FFFFFF	2
4070	#FFFFFF	2
4071	#FFFFFF	2
4072	#FFFFFF	2
4073	#FFFFFF	2
4074	#FFFFFF	2
4076	#FFFFFF	2
4077	#FFFFFF	2
4078	#FFFFFF	2
4079	#FFFFFF	2
4080	#FFFFFF	205
4081	#FFFFFF	205
4087	#FFFFFF	2
4088	#FFFFFF	2
4089	#FFFFFF	2
4090	#FFFFFF	2
4091	#FFFFFF	205
4092	#FFFFFF	2
4093	#FFFFFF	2
4094	#FFFFFF	2
4095	#FFFFFF	2
4096	#FFFFFF	205
4097	#FFFFFF	205
4098	#FFFFFF	205
4099	#FFFFFF	205
4100	#FFFFFF	205
4101	#FFFFFF	2
4102	#FFFFFF	2
4103	#FFFFFF	205
4104	#FFFFFF	205
4105	#FFFFFF	2
4106	#FFFFFF	205
4107	#FFFFFF	205
4108	#FFFFFF	205
4109	#FFFFFF	205
4110	#FFFFFF	205
4111	#FFFFFF	2
4112	#FFFFFF	2
4113	#FFFFFF	205
4114	#FFFFFF	205
4115	#FFFFFF	205
4116	#FFFFFF	2
4117	#FFFFFF	205
4118	#FFFFFF	205
4119	#FFFFFF	2
4120	#FFFFFF	2
4121	#FFFFFF	2
4122	#FFFFFF	2
4123	#FFFFFF	2
4124	#FFFFFF	2
4125	#FFFFFF	2
4126	#FFFFFF	2
4127	#FFFFFF	2
4128	#FFFFFF	2
4129	#FFFFFF	2
4130	#FFFFFF	2
4131	#FFFFFF	2
4132	#FFFFFF	205
4137	#FFFFFF	2
4138	#FFFFFF	2
4139	#FFFFFF	205
4140	#FFFFFF	205
4141	#FFFFFF	205
4143	#FFFFFF	2
4144	#FFFFFF	2
4145	#FFFFFF	205
4146	#FFFFFF	2
4147	#FFFFFF	205
4148	#FFFFFF	205
4149	#FFFFFF	205
4150	#FFFFFF	205
4151	#FFFFFF	2
4152	#FFFFFF	2
4153	#FFFFFF	205
4154	#FFFFFF	205
4155	#FFFFFF	2
4156	#FFFFFF	205
4157	#FFFFFF	205
4158	#FFFFFF	205
4159	#FFFFFF	205
4160	#FFFFFF	205
4161	#FFFFFF	205
4162	#FFFFFF	2
4163	#FFFFFF	205
4164	#FFFFFF	205
4165	#FFFFFF	205
4166	#FFFFFF	2
4167	#FFFFFF	205
4168	#FFFFFF	205
4169	#FFFFFF	2
4170	#FFFFFF	2
4171	#FFFFFF	2
4172	#FFFFFF	2
4173	#FFFFFF	2
4174	#FFFFFF	2
4175	#FFFFFF	2
4176	#FFFFFF	2
4177	#FFFFFF	2
4178	#FFFFFF	2
4179	#FFFFFF	2
4180	#FFFFFF	2
4181	#FFFFFF	2
4182	#FFFFFF	2
4183	#FFFFFF	205
4188	#FFFFFF	2
4189	#FFFFFF	2
4190	#FFFFFF	2
4191	#FFFFFF	205
4192	#FFFFFF	205
4193	#FFFFFF	2
4194	#FFFFFF	2
4195	#FFFFFF	2
4196	#FFFFFF	205
4197	#FFFFFF	205
4198	#FFFFFF	205
4199	#FFFFFF	205
4200	#FFFFFF	205
4201	#FFFFFF	205
4202	#FFFFFF	205
4203	#FFFFFF	2
4204	#FFFFFF	205
4205	#FFFFFF	205
4206	#FFFFFF	2
4207	#FFFFFF	205
4208	#FFFFFF	205
4209	#FFFFFF	205
4210	#FFFFFF	205
4211	#FFFFFF	205
4212	#FFFFFF	2
4213	#FFFFFF	205
4214	#FFFFFF	205
4215	#FFFFFF	205
4216	#FFFFFF	205
4217	#FFFFFF	2
4218	#FFFFFF	205
4219	#FFFFFF	205
4220	#FFFFFF	2
4221	#FFFFFF	205
4222	#FFFFFF	205
4223	#FFFFFF	2
4224	#FFFFFF	2
4225	#FFFFFF	2
4226	#FFFFFF	2
4227	#FFFFFF	2
4228	#FFFFFF	2
4230	#FFFFFF	2
4231	#FFFFFF	2
4232	#FFFFFF	205
4233	#FFFFFF	205
4234	#FFFFFF	205
4238	#FFFFFF	2
4239	#FFFFFF	205
4240	#FFFFFF	205
4241	#FFFFFF	205
4242	#FFFFFF	205
4244	#FFFFFF	2
4245	#FFFFFF	2
4246	#FFFFFF	205
4247	#FFFFFF	205
4248	#FFFFFF	205
4249	#FFFFFF	205
4250	#FFFFFF	205
4251	#FFFFFF	205
4252	#FFFFFF	205
4253	#FFFFFF	205
4254	#FFFFFF	205
4255	#FFFFFF	205
4256	#FFFFFF	2
4257	#FFFFFF	205
4258	#FFFFFF	205
4259	#FFFFFF	205
4260	#FFFFFF	205
4261	#FFFFFF	205
4262	#FFFFFF	205
4263	#FFFFFF	2
4264	#FFFFFF	205
4265	#FFFFFF	205
4266	#FFFFFF	205
4267	#FFFFFF	2
4268	#FFFFFF	205
4269	#FFFFFF	205
4270	#FFFFFF	205
4271	#FFFFFF	205
4272	#FFFFFF	205
4273	#FFFFFF	205
4274	#FFFFFF	2
4275	#FFFFFF	2
4276	#FFFFFF	2
4277	#FFFFFF	2
4278	#FFFFFF	2
4279	#FFFFFF	2
4281	#FFFFFF	2
4282	#FFFFFF	205
4283	#FFFFFF	205
4284	#FFFFFF	205
4285	#FFFFFF	205
4289	#FFFFFF	205
4290	#FFFFFF	2
4291	#FFFFFF	205
4292	#FFFFFF	205
4293	#FFFFFF	205
4294	#FFFFFF	2
4295	#FFFFFF	2
4296	#FFFFFF	2
4297	#FFFFFF	205
4298	#FFFFFF	205
4299	#FFFFFF	205
4300	#FFFFFF	205
4301	#FFFFFF	205
4302	#FFFFFF	205
4303	#FFFFFF	205
4304	#FFFFFF	205
4305	#FFFFFF	205
4306	#FFFFFF	205
4307	#FFFFFF	2
4308	#FFFFFF	205
4309	#FFFFFF	205
4310	#FFFFFF	205
4311	#FFFFFF	205
4312	#FFFFFF	205
4313	#FFFFFF	2
4314	#FFFFFF	2
4315	#FFFFFF	205
4316	#FFFFFF	205
4317	#FFFFFF	205
4318	#FFFFFF	2
4319	#FFFFFF	205
4320	#FFFFFF	205
4321	#FFFFFF	205
4322	#FFFFFF	205
4323	#FFFFFF	205
4324	#FFFFFF	2
4325	#FFFFFF	2
4326	#FFFFFF	2
4327	#FFFFFF	2
4328	#FFFFFF	2
4329	#FFFFFF	2
4330	#FFFFFF	2
4332	#FFFFFF	205
4333	#FFFFFF	205
4334	#FFFFFF	205
4335	#FFFFFF	205
4336	#FFFFFF	205
4339	#FFFFFF	205
4340	#FFFFFF	205
4341	#FFFFFF	205
4342	#FFFFFF	205
4343	#FFFFFF	205
4345	#FFFFFF	2
4346	#FFFFFF	2
4347	#FFFFFF	205
4348	#FFFFFF	205
4349	#FFFFFF	205
4350	#FFFFFF	205
4351	#FFFFFF	205
4352	#FFFFFF	205
4353	#FFFFFF	205
4354	#FFFFFF	205
4355	#FFFFFF	205
4356	#FFFFFF	205
4357	#FFFFFF	2
4358	#FFFFFF	205
4359	#FFFFFF	205
4360	#FFFFFF	205
4361	#FFFFFF	205
4362	#FFFFFF	205
4363	#FFFFFF	205
4364	#FFFFFF	2
4365	#FFFFFF	2
4366	#FFFFFF	205
4367	#FFFFFF	205
4368	#FFFFFF	2
4369	#FFFFFF	205
4370	#FFFFFF	205
4371	#FFFFFF	205
4372	#FFFFFF	205
4373	#FFFFFF	205
4374	#FFFFFF	205
4375	#FFFFFF	2
4376	#FFFFFF	2
4377	#FFFFFF	2
4378	#FFFFFF	2
4379	#FFFFFF	2
4380	#FFFFFF	2
4381	#FFFFFF	2
4383	#FFFFFF	2
4384	#FFFFFF	205
4385	#FFFFFF	205
4386	#FFFFFF	205
4387	#FFFFFF	205
4390	#FFFFFF	2
4391	#FFFFFF	205
4392	#FFFFFF	205
4393	#FFFFFF	205
4394	#FFFFFF	205
4395	#FFFFFF	2
4396	#FFFFFF	2
4397	#FFFFFF	2
4398	#FFFFFF	205
4399	#FFFFFF	205
4400	#FFFFFF	205
4401	#FFFFFF	205
4402	#FFFFFF	205
4403	#FFFFFF	205
4404	#FFFFFF	205
4405	#FFFFFF	205
4406	#FFFFFF	205
4407	#FFFFFF	205
4408	#FFFFFF	2
4409	#FFFFFF	205
4410	#FFFFFF	205
4411	#FFFFFF	205
4412	#FFFFFF	205
4413	#FFFFFF	205
4414	#FFFFFF	2
4415	#FFFFFF	2
4416	#FFFFFF	2
4417	#FFFFFF	205
4418	#FFFFFF	205
4419	#FFFFFF	2
4420	#FFFFFF	205
4421	#FFFFFF	205
4422	#FFFFFF	205
4423	#FFFFFF	205
4424	#FFFFFF	205
4425	#FFFFFF	2
4426	#FFFFFF	2
4427	#FFFFFF	2
4428	#FFFFFF	2
4429	#FFFFFF	2
4430	#FFFFFF	2
4431	#FFFFFF	2
4432	#FFFFFF	205
4433	#FFFFFF	2
4434	#FFFFFF	205
4435	#FFFFFF	205
4436	#FFFFFF	205
4437	#FFFFFF	205
4438	#FFFFFF	205
4440	#FFFFFF	2
4441	#FFFFFF	205
4442	#FFFFFF	2
4443	#FFFFFF	205
4444	#FFFFFF	205
4446	#FFFFFF	2
4447	#FFFFFF	2
4448	#FFFFFF	205
4449	#FFFFFF	205
4450	#FFFFFF	205
4451	#FFFFFF	205
4452	#FFFFFF	205
4453	#FFFFFF	205
4454	#FFFFFF	205
4455	#FFFFFF	205
4456	#FFFFFF	205
4457	#FFFFFF	205
4458	#FFFFFF	2
4459	#FFFFFF	205
4460	#FFFFFF	205
4461	#FFFFFF	205
4462	#FFFFFF	2
4463	#FFFFFF	2
4464	#FFFFFF	2
4465	#FFFFFF	2
4466	#FFFFFF	2
4467	#FFFFFF	2
4468	#FFFFFF	205
4469	#FFFFFF	2
4470	#FFFFFF	205
4471	#FFFFFF	205
4472	#FFFFFF	205
4473	#FFFFFF	205
4474	#FFFFFF	205
4475	#FFFFFF	205
4476	#FFFFFF	2
4477	#FFFFFF	2
4478	#FFFFFF	2
4479	#FFFFFF	2
4480	#FFFFFF	2
4481	#FFFFFF	2
4482	#FFFFFF	2
4483	#FFFFFF	205
4485	#FFFFFF	205
4486	#FFFFFF	205
4487	#FFFFFF	205
4488	#FFFFFF	205
4489	#FFFFFF	205
4491	#FFFFFF	2
4492	#FFFFFF	2
4493	#FFFFFF	2
4494	#FFFFFF	205
4495	#FFFFFF	2
4496	#FFFFFF	2
4497	#FFFFFF	2
4498	#FFFFFF	2
4499	#FFFFFF	205
4500	#FFFFFF	205
4501	#FFFFFF	205
4502	#FFFFFF	205
4503	#FFFFFF	205
4504	#FFFFFF	205
4505	#FFFFFF	205
4506	#FFFFFF	205
4507	#FFFFFF	205
4508	#FFFFFF	205
4509	#FFFFFF	2
4510	#FFFFFF	205
4511	#FFFFFF	205
4512	#FFFFFF	205
4513	#FFFFFF	2
4514	#FFFFFF	2
4515	#FFFFFF	2
4516	#FFFFFF	205
4517	#FFFFFF	205
4518	#FFFFFF	205
4519	#FFFFFF	205
4520	#FFFFFF	2
4521	#FFFFFF	205
4522	#FFFFFF	205
4523	#FFFFFF	205
4524	#FFFFFF	205
4525	#FFFFFF	205
4526	#FFFFFF	2
4527	#FFFFFF	2
4528	#FFFFFF	2
4529	#FFFFFF	205
4530	#FFFFFF	2
4531	#FFFFFF	2
4532	#FFFFFF	2
4533	#FFFFFF	205
4534	#FFFFFF	205
4535	#FFFFFF	205
4536	#FFFFFF	205
4537	#FFFFFF	205
4538	#FFFFFF	205
4539	#FFFFFF	205
4540	#FFFFFF	205
4541	#FFFFFF	2
4542	#FFFFFF	2
4543	#FFFFFF	205
4544	#FFFFFF	2
4545	#FFFFFF	205
4547	#FFFFFF	2
4548	#FFFFFF	205
4549	#FFFFFF	205
4550	#FFFFFF	205
4551	#FFFFFF	205
4552	#FFFFFF	205
4553	#FFFFFF	205
4554	#FFFFFF	205
4555	#FFFFFF	205
4556	#FFFFFF	205
4557	#FFFFFF	205
4558	#FFFFFF	2
4559	#FFFFFF	205
4560	#FFFFFF	205
4561	#FFFFFF	205
4562	#FFFFFF	205
4563	#FFFFFF	205
4564	#FFFFFF	205
4565	#FFFFFF	2
4566	#FFFFFF	2
4567	#FFFFFF	2
4568	#FFFFFF	2
4569	#FFFFFF	2
4570	#FFFFFF	2
4571	#FFFFFF	2
4572	#FFFFFF	2
4573	#FFFFFF	2
4574	#FFFFFF	2
4575	#FFFFFF	2
4576	#FFFFFF	2
4577	#FFFFFF	2
4578	#FFFFFF	2
4579	#FFFFFF	2
4580	#FFFFFF	2
4581	#FFFFFF	2
4582	#FFFFFF	2
4592	#FFFFFF	205
4593	#FFFFFF	205
4594	#FFFFFF	205
4595	#FFFFFF	205
4596	#FFFFFF	205
4597	#FFFFFF	205
4598	#FFFFFF	2
4599	#FFFFFF	205
4600	#FFFFFF	205
4601	#FFFFFF	205
4602	#FFFFFF	205
4603	#FFFFFF	205
4604	#FFFFFF	205
4605	#FFFFFF	205
4606	#FFFFFF	205
4607	#FFFFFF	205
4608	#FFFFFF	2
4609	#FFFFFF	2
4610	#FFFFFF	2
4611	#FFFFFF	205
4612	#FFFFFF	205
4613	#FFFFFF	2
4614	#FFFFFF	2
4615	#FFFFFF	2
4616	#FFFFFF	2
4617	#FFFFFF	2
4618	#FFFFFF	2
4619	#FFFFFF	2
4620	#FFFFFF	2
4621	#FFFFFF	2
4622	#FFFFFF	2
4623	#FFFFFF	2
4624	#FFFFFF	2
4626	#FFFFFF	2
4627	#FFFFFF	2
4628	#FFFFFF	2
4629	#FFFFFF	2
4630	#FFFFFF	2
4632	#FFFFFF	205
4642	#FFFFFF	205
4643	#FFFFFF	205
4644	#FFFFFF	205
4645	#FFFFFF	205
4646	#FFFFFF	205
4648	#FFFFFF	205
4649	#FFFFFF	2
4650	#FFFFFF	205
4651	#FFFFFF	205
4652	#FFFFFF	205
4653	#FFFFFF	205
4654	#FFFFFF	205
4655	#FFFFFF	205
4656	#FFFFFF	205
4657	#FFFFFF	205
4658	#FFFFFF	2
4659	#FFFFFF	2
4660	#FFFFFF	2
4661	#FFFFFF	2
4662	#FFFFFF	205
4663	#FFFFFF	205
4664	#FFFFFF	2
4665	#FFFFFF	2
4666	#FFFFFF	2
4667	#FFFFFF	2
4668	#FFFFFF	2
4669	#FFFFFF	2
4670	#FFFFFF	2
4671	#FFFFFF	2
4672	#FFFFFF	2
4673	#FFFFFF	2
4674	#FFFFFF	2
4675	#FFFFFF	2
4676	#FFFFFF	2
4677	#FFFFFF	2
4678	#FFFFFF	2
4679	#FFFFFF	2
4680	#FFFFFF	2
4682	#FFFFFF	205
4693	#FFFFFF	205
4694	#FFFFFF	205
4695	#FFFFFF	205
4696	#FFFFFF	205
4697	#FFFFFF	205
4698	#FFFFFF	205
4699	#FFFFFF	2
4700	#FFFFFF	2
4701	#FFFFFF	205
4702	#FFFFFF	205
4703	#FFFFFF	205
4704	#FFFFFF	205
4705	#FFFFFF	205
4706	#FFFFFF	205
4707	#FFFFFF	205
4708	#FFFFFF	2
4709	#FFFFFF	2
4710	#FFFFFF	2
4711	#FFFFFF	2
4712	#FFFFFF	205
4713	#FFFFFF	205
4714	#FFFFFF	205
4715	#FFFFFF	2
4716	#FFFFFF	2
4717	#FFFFFF	2
4718	#FFFFFF	2
4719	#FFFFFF	2
4720	#FFFFFF	2
4721	#FFFFFF	2
4722	#FFFFFF	2
4723	#FFFFFF	2
4724	#FFFFFF	2
4725	#FFFFFF	2
4726	#FFFFFF	2
4727	#FFFFFF	2
4728	#FFFFFF	2
4729	#FFFFFF	2
4730	#FFFFFF	2
4733	#FFFFFF	205
4743	#FFFFFF	205
4744	#FFFFFF	205
4745	#FFFFFF	205
4746	#FFFFFF	205
4747	#FFFFFF	205
4749	#FFFFFF	205
4750	#FFFFFF	2
4751	#FFFFFF	205
4752	#FFFFFF	205
4753	#FFFFFF	205
4754	#FFFFFF	205
4755	#FFFFFF	205
4756	#FFFFFF	205
4757	#FFFFFF	205
4758	#FFFFFF	205
4759	#FFFFFF	2
4760	#FFFFFF	2
4761	#FFFFFF	2
4762	#FFFFFF	2
4763	#FFFFFF	205
4764	#FFFFFF	205
4765	#FFFFFF	2
4766	#FFFFFF	2
4767	#FFFFFF	2
4768	#FFFFFF	2
4769	#FFFFFF	2
4770	#FFFFFF	2
4771	#FFFFFF	2
4772	#FFFFFF	2
4773	#FFFFFF	2
4774	#FFFFFF	2
4775	#FFFFFF	2
4776	#FFFFFF	2
4777	#FFFFFF	2
4778	#FFFFFF	2
4779	#FFFFFF	2
4780	#FFFFFF	2
4783	#FFFFFF	205
4794	#FFFFFF	205
4795	#FFFFFF	205
4796	#FFFFFF	205
4797	#FFFFFF	205
4798	#FFFFFF	205
4799	#FFFFFF	205
4800	#FFFFFF	205
4801	#FFFFFF	2
4802	#FFFFFF	205
4803	#FFFFFF	205
4804	#FFFFFF	205
4805	#FFFFFF	205
4806	#FFFFFF	205
4807	#FFFFFF	205
4808	#FFFFFF	205
4809	#FFFFFF	2
4810	#FFFFFF	2
4811	#FFFFFF	2
4812	#FFFFFF	2
4813	#FFFFFF	2
4814	#FFFFFF	205
4815	#FFFFFF	2
4816	#FFFFFF	2
4817	#FFFFFF	2
4818	#FFFFFF	2
4819	#FFFFFF	2
4820	#FFFFFF	2
4821	#FFFFFF	2
4822	#FFFFFF	2
4823	#FFFFFF	2
4824	#FFFFFF	2
4825	#FFFFFF	2
4826	#FFFFFF	2
4827	#FFFFFF	2
4828	#FFFFFF	2
4829	#FFFFFF	2
4830	#FFFFFF	2
4834	#FFFFFF	2
4844	#FFFFFF	205
4845	#FFFFFF	205
4846	#FFFFFF	205
4847	#FFFFFF	205
4848	#FFFFFF	205
4850	#FFFFFF	205
4851	#FFFFFF	2
4852	#FFFFFF	205
4853	#FFFFFF	205
4854	#FFFFFF	205
4855	#FFFFFF	205
4856	#FFFFFF	205
4857	#FFFFFF	205
4858	#FFFFFF	205
4859	#FFFFFF	205
4860	#FFFFFF	2
4861	#FFFFFF	2
4862	#FFFFFF	2
4863	#FFFFFF	2
4864	#FFFFFF	205
4865	#FFFFFF	2
4866	#FFFFFF	2
4867	#FFFFFF	2
4868	#FFFFFF	2
4869	#FFFFFF	2
4870	#FFFFFF	2
4871	#FFFFFF	2
4872	#FFFFFF	2
4873	#FFFFFF	205
4874	#FFFFFF	2
4875	#FFFFFF	2
4876	#FFFFFF	2
4877	#FFFFFF	2
4878	#FFFFFF	2
4879	#FFFFFF	2
4880	#FFFFFF	2
4884	#FFFFFF	2
4895	#FFFFFF	205
4896	#FFFFFF	205
4897	#FFFFFF	205
4898	#FFFFFF	205
4899	#FFFFFF	205
4900	#FFFFFF	205
4901	#FFFFFF	205
4902	#FFFFFF	205
4903	#FFFFFF	205
4904	#FFFFFF	205
4905	#FFFFFF	205
4906	#FFFFFF	205
4907	#FFFFFF	205
4908	#FFFFFF	205
4909	#FFFFFF	205
4910	#FFFFFF	2
4911	#FFFFFF	2
4912	#FFFFFF	2
4913	#FFFFFF	205
4914	#FFFFFF	205
4915	#FFFFFF	205
4916	#FFFFFF	2
4917	#FFFFFF	2
4918	#FFFFFF	2
4919	#FFFFFF	2
4920	#FFFFFF	2
4921	#FFFFFF	2
4922	#FFFFFF	2
4923	#FFFFFF	2
4924	#FFFFFF	205
4925	#FFFFFF	2
4926	#FFFFFF	2
4927	#FFFFFF	2
4928	#FFFFFF	2
4929	#FFFFFF	2
4930	#FFFFFF	2
4935	#FFFFFF	2
4945	#FFFFFF	205
4946	#FFFFFF	205
4947	#FFFFFF	205
4948	#FFFFFF	205
4949	#FFFFFF	205
4951	#FFFFFF	205
4952	#FFFFFF	205
4953	#FFFFFF	205
4954	#FFFFFF	205
4955	#FFFFFF	205
4956	#FFFFFF	205
4957	#FFFFFF	205
4958	#FFFFFF	205
4959	#FFFFFF	2
4960	#FFFFFF	2
4961	#FFFFFF	2
4962	#FFFFFF	2
4963	#FFFFFF	205
4964	#FFFFFF	2
4965	#FFFFFF	205
4966	#FFFFFF	205
4967	#FFFFFF	2
4968	#FFFFFF	2
4969	#FFFFFF	2
4970	#FFFFFF	2
4971	#FFFFFF	2
4972	#FFFFFF	2
4973	#FFFFFF	2
4974	#FFFFFF	205
4975	#FFFFFF	2
4976	#FFFFFF	2
4977	#FFFFFF	2
4978	#FFFFFF	2
4979	#FFFFFF	2
4980	#FFFFFF	2
4985	#FFFFFF	205
4996	#FFFFFF	205
4997	#FFFFFF	205
4998	#FFFFFF	205
4999	#FFFFFF	205
5000	#FFFFFF	205
5001	#FFFFFF	205
5002	#FFFFFF	205
5003	#FFFFFF	205
5004	#FFFFFF	205
5005	#FFFFFF	205
5006	#FFFFFF	205
5007	#FFFFFF	205
5008	#FFFFFF	205
5009	#FFFFFF	205
5010	#FFFFFF	2
5011	#FFFFFF	2
5012	#FFFFFF	2
5013	#FFFFFF	2
5014	#FFFFFF	205
5015	#FFFFFF	2
5016	#FFFFFF	205
5017	#FFFFFF	2
5018	#FFFFFF	2
5019	#FFFFFF	2
5020	#FFFFFF	2
5021	#FFFFFF	2
5022	#FFFFFF	2
5023	#FFFFFF	2
5024	#FFFFFF	2
5025	#FFFFFF	205
5026	#FFFFFF	2
5027	#FFFFFF	2
5028	#FFFFFF	2
5029	#FFFFFF	2
5030	#FFFFFF	2
5036	#FFFFFF	205
5046	#FFFFFF	205
5047	#FFFFFF	205
5048	#FFFFFF	205
5049	#FFFFFF	205
5050	#FFFFFF	205
5052	#FFFFFF	205
5053	#FFFFFF	205
5054	#FFFFFF	205
5055	#FFFFFF	205
5056	#FFFFFF	205
5057	#FFFFFF	205
5058	#FFFFFF	205
5059	#FFFFFF	205
5060	#FFFFFF	2
5061	#FFFFFF	2
5062	#FFFFFF	2
5063	#FFFFFF	2
5064	#FFFFFF	205
5065	#FFFFFF	2
5066	#FFFFFF	205
5067	#FFFFFF	205
5068	#FFFFFF	2
5069	#FFFFFF	2
5070	#FFFFFF	2
5071	#FFFFFF	2
5072	#FFFFFF	2
5073	#FFFFFF	2
5074	#FFFFFF	2
5075	#FFFFFF	205
5076	#FFFFFF	2
5077	#FFFFFF	2
5078	#FFFFFF	2
5079	#FFFFFF	2
5080	#FFFFFF	2
5086	#FFFFFF	205
5097	#FFFFFF	205
5098	#FFFFFF	205
5099	#FFFFFF	205
5100	#FFFFFF	205
5101	#FFFFFF	205
