x	y
0.0147392699624276	0.0103393160849973
0.34662060625367	0.284368900465476
0.887138645788278	0.967300440804261
0.0776021540000726	0.0465637710270478
-0.317336749012285	0.202541649797634
-0.194236451474306	0.124794253056766
0.136202013121385	0.087510765277389
0.445535530892579	0.276250877461797
0.0562899883675594	0.0245929204139137
0.429531839577867	0.249177965798919
0.427931049088663	0.228032173481815
0.886415849992076	1.08255844881055
0.0760151834678328	0.0420112636733193
-0.00485056129698023	0.00277056485646269
0.520004229153542	0.305975646845428
1.19125766101064	1.1373042096155
0.172470326766796	0.0773207302444313
1.05506905649723	1.25409961746842
-0.654760069392869	0.340488871885638
0.343005085672226	0.25429622278045
0.233762538696199	0.147801357613792
0.541809603904422	0.318813793548605
-0.177379300906308	0.109718000106432
0.760458545258643	0.598152148942139
0.423879405618951	0.305466308605815
0.427637320203272	0.245229647672224
0.420673591502021	0.236601093468399
0.623171778548765	0.40668616142122
-0.85275176390406	0.42426209590598
1.29455321427919	0.853745879290033
0.452016609724272	0.257199177450642
0.328171672230127	0.179740323931543
0.438170248786881	0.256471957534603
0.0193571328263408	0.00743552143471564
1.48526202252096	1.41469984660823
0.0432898141950164	0.0220729245325752
0.107080355128734	0.051630268151638
-0.217903507880671	0.09826823230113
-1.46677978413497	1.04771324019296
0.548146721046676	0.295569595797024
0.35000968155255	0.195967716517988
2.25317460351858	1.83781091017485
0.0126711235829051	0.00444937422118033
0.159829888904882	0.0722685000264368
1.3392336573856	1.25350846834975
0.439417361142433	0.297939941179767
0.210428671937077	0.105244292535118
0.494510006284578	0.338447218769797
1.27045796065689	0.930827734147041
0.531786795977028	0.284940467948977
0.158800889871086	0.0640707839326321
0.290748958598937	0.135665234403383
0.119179336059269	0.0581615701631825
-0.369171234404967	0.226056481201998
1.61060908461447	1.38360794507816
1.28926032113315	0.935569425583259
1.85316620838165	2.19574603306745
-0.612129745911579	0.244365181110051
0.0158479386861969	0.00619452445653877
0.158876831523141	0.0715527574986706
1.85692985157907	1.29555494504846
0.825472887665893	0.452574369608079
-0.670944784863111	0.4619250370686
-1.26534083352314	0.595443987381979
-0.658233998714922	0.338178536778108
-0.319259919978915	0.130686535413068
0.448776459676593	0.216704480330935
-0.31571364717183	0.133437164511975
-0.00154748255560645	0.0000969966178223422
1.78479368681334	1.72698695077729
0.0703312273330022	0.0308957702599189
1.13726087807692	0.796353606511662
-0.208914849663307	0.102759260872148
0.0670407084000891	0.0371826959939467
-1.6147851057791	1.25357490764263
0.539962628738892	0.350242642875595
0.871446765697541	1.05844901770079
0.546425198409117	0.406456911781119
1.64169634660054	1.56116569295915
-0.1592729975571	0.0608614620426633
0.332454806087284	0.168296552740489
0.172919702719506	0.0711782912912224
0.962270549731847	0.835218658894722
1.09257395153172	0.714196963408332
-0.601004245510058	0.38163057906377
-0.0598810398686703	0.0341165713355327
-0.334796700254974	0.160114544932846
-0.472880351768369	0.27453595619117
0.909316188701604	0.690293844569459
0.418304307077207	0.219338443777518
0.163987852457779	0.0879275560176589
0.540385162769981	0.23621167314245
0.428280076382327	0.228465657503786
0.954018129865171	0.785004018246615
0.658461894041317	0.51287330405744
0.231180531161258	0.123962639807001
0.609937924125383	0.541371723604962
0.304293679837857	0.141182606786727
0.177443410267602	0.0810715487534429
-0.290312078949814	0.152911635074604
0.916759799615886	0.858068496467348
-0.188082161895323	0.092004582992697
0.0347137656701079	0.0164869474344508
0.84013623718203	0.675853162327292
-0.118226657160416	0.0496928621234006
0.626510257274627	0.315736550892834
0.014521602031006	0.00560350852824466
2.05588877295855	1.56772601446883
0.295010849072052	0.136051253044686
-1.87822309919765	0.872932573708714
-1.62419170077075	0.938620887664259
0.0677224768444482	0.0293044154392153
0.446446565679248	0.211742835365615
1.05552091882267	0.803538341675885
0.454279937960136	0.407438573899518
0.354918166771737	0.201492634306734
0.36334792277381	0.238526087329468
0.851338742447078	0.562098078557164
0.685289281161542	0.380808985588105
0.782330690884915	0.651203464236889
0.462097356168264	0.343810746001265
0.351887737304345	0.215478985327024
-0.17507168064944	0.0948067662063139
-0.279445377378232	0.144852022602995
0.0383560892364006	0.0180045342944878
0.431220731508653	0.270066725901938
-0.0305658544110005	0.014664509725954
0.247244084239519	0.131647894854058
0.782964178648136	0.706552223103129
1.80706017227457	1.73517417896955
0.608039636872513	0.466139116781639
0.725621107101882	0.635787829550534
0.185742928276289	0.0829299819902051
0.845928159249577	0.580535810735484
2.30218210316661	1.57156974023165
0.609046987201323	0.397374519687796
0.156488069446137	0.0696011210323648
1.34038638187015	1.24618600186157
0.376517591531296	0.261240493238171
0.854744298816286	0.787307845593656
1.16306034536914	0.899074185795238
0.635560948400284	0.379321254125488
0.736192959742007	0.488353739764325
0.299764387854933	0.195167348477727
-0.121734372454949	0.0787672351408942
-0.0906018354259511	0.0456220033197253
0.0321326850801277	0.0185541573409554
0.185449444651084	0.100245218729339
0.0996284795653855	0.0549359333287273
0.242807774290327	0.154592367819308
0.664133702394241	0.364054040716767
-1.13602359295947	0.659422984105279
0.435258918247368	0.251416701568588
0.529471804373381	0.339395634068886
0.97985249908609	0.866647019264316
0.597366685795277	0.453276951982519
0.831917366668519	0.658805176196983
1.11756320426068	0.789378647449555
-1.37412633066643	0.699767645958755
1.42253448553553	1.21132150936345
0.178485926471473	0.0723114975417544
-1.50115277343243	0.813102492327945
0.780830149791793	0.47988154492881
1.81864920348897	2.28227954398931
1.56907472611916	2.03368569021708
1.13905728125859	1.18432605684441
1.10419356291597	0.784365430391535
1.07425126486114	0.691749688412635
0.766367920868471	0.474412066535213
-0.320663802801324	0.153922152721907
-0.870828130879239	0.432131866208569
0.449774200232684	0.217617909488238
1.66011516851922	1.32669691261676
0.44501219732332	0.212832083449146
0.410870040610355	0.231814860975991
-1.08049807254506	0.880842140612058
-0.335019159200053	0.18360009714392
0.0744545397402613	0.0441915497203465
-1.34556635095666	1.08436960775803
0.968224207208511	0.662634497005098
0.15259807351781	0.0744810762247571
1.63039842948054	1.00338548052909
0.543982466806883	0.321220085093515
-1.24542668857558	0.611270865041698
0.609811605781526	0.301395120034539
-0.539509374989071	0.302044670025108
-1.24811539717859	0.949733940439733
1.27496743905079	1.00950434639654
-0.480262348500832	0.287755781804604
-0.721003943924333	0.313077787722568
-0.195367898974376	0.096700692046402
0.310524984787327	0.170670070821988
0.00588070005183432	0.00255985417362447
1.46681420256906	1.26044750655024
1.64727458633125	1.03444635276353
0.725877147770464	0.530521582624657
0.977025475190412	0.682319083560824
-0.0465361562006269	0.012376742842174
1.06863182229605	0.564233211418699
1.04781393707048	0.613176427545036
0.440752708686908	0.209960367652587
0.292399145175391	0.136778678948015
0.00195262032740187	0.000930812708584295
0.443869386009584	0.406131736504939
0.229734228598531	0.153727709405655
-0.391292034823742	0.263496902470027
0.506642531302498	0.396794576606393
1.10832634570127	1.00013660558148
0.415898113949332	0.319621765201701
0.476767689427259	0.299941233269299
0.279737642756372	0.20301325628724
-0.605651403190639	0.355244618481825
0.896430273783167	0.933133342709817
0.864903972771619	0.951297029524922
-0.47250379171054	0.349625819386391
0.760747154000815	0.469004744308692
1.11495434075805	0.774667311763341
0.377097860116351	0.231207951968877
1.10836463117	0.779487380165321
0.423566331197747	0.246500455879526
0.0898793670519714	0.053498767062511
0.230545021280209	0.125393454245092
0.166527203772794	0.0743053351909788
1.58365281761107	1.68496063834599
1.93767498378794	2.01361420429181
-0.274927677759165	0.155567352408355
1.44263663424048	1.03307999305711
0.0280598280803926	0.0133515519257362
-0.00259457636456413	0.000399810273101258
1.33059448748439	1.3837857959807
-0.0408875907619141	0.0196745749832476
-0.405233876438137	0.340988661078539
0.531412631795684	0.343397729807192
1.85230717886505	1.29274700501322
1.31363783302973	1.28444471396594
1.46385642687427	1.57390673396457
-0.958327784794178	0.799488998688185
-0.122673426702344	0.0627965033598846
0.181717460708248	0.0826966279958255
0.734229895642797	0.603114827177562
-0.155294760348501	0.0826103634921184
-1.35551998429992	0.887729255178887
0.277818379933187	0.154326653184926
-0.749556618423848	0.487343926255182
-0.744205797115577	0.405685095115047
1.17567461751429	0.915700909559313
0.625252402400235	0.406277523448389
0.326835496612324	0.138924720070303
0.899813462986229	0.573555427516728
1.05646707051378	0.628531639160807
0.557343541346632	0.299697742130378
0.541140268015671	0.242159789482881
0.264459777297223	0.1473945579371
0.0411257612034312	0.0246124891381656
0.12915833986477	0.0625980339777136
1.45659740411635	1.37229683656061
0.178942586883954	0.0707615872186632
1.07693088715779	0.901012519373723
0.691906678218509	0.380372870038041
0.420557242685335	0.223359897659007
-0.9692723157727	0.500467544227805
-0.90351911482812	0.664003116190965
0.496664794225013	0.194034302181513
0.827274046195861	0.558641813570644
0.604661226787317	0.302006065179038
-0.387253571002376	0.197473152217913
0.635904778727361	0.375995175858662
0.45076989395715	0.217433673902736
0.00687027662974559	0.00275538921107829
2.30884177677878	1.59654363577571
0.821671000627905	0.336117176553223
0.306722033181225	0.128539944557342
0.809178586260851	0.377637682399552
0.760026511065462	0.461936832128347
1.30428935901641	1.10959007083772
0.814310261423952	0.696636503600815
0.420607172920225	0.222363667805579
0.436143601671727	0.20845739833457
-0.61508452175863	0.411675390314738
0.0504208402879178	0.0235147497200065
0.442007275832635	0.213960344335037
-0.557340737933518	0.269742065881944
-0.430626798943636	0.192065768171528
1.72603224280136	1.29086486709093
-0.0356490362131953	0.00971299035530045
-0.122260115676967	0.0511537761959352
1.84947170221174	1.04446793387161
0.70450756025128	0.508913231487019
0.419603523854574	0.275933394754949
0.65965155237924	0.403367734898467
0.071047568902327	0.0308952907044939
-0.0959142350456298	0.0522556904030466
-0.54997273253533	0.309686793917967
0.944111479366989	0.649415625572335
0.678964404387999	0.523693750007671
0.803602700800815	0.686231404665082
0.962262249852637	0.663235116581113
0.521336828361697	0.402955906640928
0.495792995468361	0.389219095450833
-2.20133687266884	1.6773775685873
0.378996495215433	0.252540708773121
0.858476847548755	0.593234469671916
2.65361451714441	3.17529791887179
1.46879525044672	1.23588003344705
0.65527569656454	0.651306121981532
0.529368944353329	0.329777250893347
0.190782769891973	0.102083061550084
-0.0308397505761107	0.0148580007297923
1.03493792626903	0.853624498135924
1.03661967743274	0.784294906582833
0.196683820922193	0.0878184545226955
0.438960804493559	0.276647824752164
0.419837838780152	0.223162667151231
1.60769541093335	1.36893389337273
0.234567994855153	0.185845096210226
-0.149597780633789	0.0814948294100313
-0.0965064109387569	0.0487460564988933
1.08743384553177	0.956672619041861
-0.97392196541381	0.72843622504202
0.343499748585093	0.207268461209497
0.04684187800909	0.0207338709095845
0.871310313679408	0.898837613606396
0.421943740361737	0.265756585185647
-0.0287084135557429	0.0140193675302143
0.908228833356196	0.568117341016239
-0.299367153100684	0.124479311186645
-0.850885755631761	0.418666788204943
-0.874636325190836	0.528140304006528
1.70497414642429	1.25829289594903
-0.639870775829293	0.438337008009916
1.04332341893348	0.792046318189037
1.00100948823742	0.883370618281183
0.00746389759371456	0.0040234648401446
1.65810450852271	2.00086147558607
0.0666933124868023	0.029296781689606
-0.420374359262569	0.242427584172041
0.820642533016416	0.41885172096553
0.118768574912667	0.0581657985287698
-0.101150651091595	0.0512048169366044
1.93954761985453	2.032263319513
0.80512546926038	0.600106255751219
-0.00658470149374714	0.00206758007084772
-0.0389654384794082	0.0184065902183226
1.14944262836485	0.886228215878217
0.00192196912556535	0.000834209239440973
-1.24598884487099	0.939389350107296
-0.231820616947121	0.105188180185147
-0.144316072430443	0.0663438054128997
0.0949838703175617	0.0496814340637527
-0.217080172191505	0.0973718395441568
-0.557858625107111	0.233478541713063
-0.556812908553261	0.267897750909717
-0.392381661000401	0.225886186155488
-2.33193730920016	1.30047350800712
-0.722321822722405	0.334611751142212
-0.163114505183569	0.0560383455615737
0.35068311763214	0.199538225836208
0.221210196365872	0.112077506583563
0.914393941980313	0.68703424867139
1.00107713468295	0.754757308535112
0.279823865674535	0.130365150677748
2.84032655430913	2.46342030070308
0.466160281311856	0.178448307412605
0.685513522658389	0.374466984191616
-0.808863158909727	0.237861761227588
-1.61447338845101	0.903024029912243
0.219571688652455	0.0818648755948372
0.531852545089383	0.23351562626879
0.0565501188141448	0.0249583342689899
0.999910422898853	0.934125920353494
-0.119814354379766	0.0716936690000474
0.56896280425572	0.394334980915492
-1.11507458519325	0.730853168454115
0.257828108935728	0.170531848975
0.676170405183717	0.479119531435247
0.268017717513968	0.147020511016559
-0.154704387806918	0.0809734190649524
0.371570498847677	0.210142484603716
0.894902457721807	0.676362515652148
1.00710947299373	0.991627764802155
0.432574163118707	0.226055067884835
-0.0720415408538158	0.0378717839393448
1.08624565668951	0.704926895815838
1.07453813761384	0.898021723571512
0.71180543299934	0.515896930046019
0.126772128211441	0.0616014620744022
1.5954606102408	1.76393179130292
0.274906535970739	0.161816238091306
0.626474349292301	0.310481289361026
-0.12483648080542	0.0518562681801771
0.939879459848362	0.764057515825512
0.520392643942452	0.302029103814609
0.311423628107342	0.161036661690763
0.545290846147588	0.297109049215619
-0.0962022357866747	0.0449699497660638
1.64001387550127	0.631392365244923
0.170434612127908	0.0777813369889204
2.55917028286865	1.47785885007858
0.947769502377587	0.658028166688228
0.802859296660947	0.695462295317086
0.363344858385381	0.297010546665903
-0.379406629960144	0.236410284458168
-0.0909879546693588	0.0519990120029409
-1.06444507869754	0.971779644681446
-1.16833211138495	0.842419819641844
0.282040218891476	0.169837700750182
-0.511442495049973	0.320159593615545
0.518888389522305	0.30223355145166
1.44064565372754	1.53961875924696
1.20396438092876	1.08742838217683
0.893555531692502	0.563289373671343
0.289555770242336	0.187207606376067
0.365508169380437	0.260731280455707
0.768301219314058	0.735667390085207
0.0608360364864135	0.0373870977021765
1.09286722817641	0.9975375546838
1.01333132866407	0.969721025949033
0.774462749355799	0.470298829361542
1.94129092119101	2.02201066746652
1.09676871729483	0.775001987829318
0.548378798698164	0.377864849185477
1.44731277957425	1.76290785672003
-0.433313268415883	0.193265599634167
0.68672352640429	0.381763227429712
1.11529589097877	0.779011675692168
0.0664898749922848	0.0308160096559099
0.317671417841483	0.161682077009963
0.77051963853884	0.477780801036973
0.12102456414645	0.0388637416886172
0.523327511003191	0.304500036536484
-0.0140581810895073	0.00706068917588956
0.774370068662026	0.481491069950476
-0.0442381330556315	0.0272677003047567
-0.343886483366319	0.27608259929696
0.174867645729111	0.128280668594997
-0.586118398913122	0.58609750269778
0.485200764280431	0.423335274325197
0.818004648304471	0.804811759050467
-0.368631451690969	0.26996875216448
0.860383888000014	0.700496330322984
1.17358981114943	1.43355601292239
0.335741759135261	0.256864011455806
1.18524447122813	1.49709098792852
1.14563186722997	1.53028618458441
0.904969179088215	0.795704540565843
-0.294273914107344	0.189688297593607
0.623335706303579	0.619463272018007
-0.825033480050674	0.470299210112249
-0.381158357294756	0.257181615169083
0.418672644168745	0.237509345246615
0.941880107301002	0.884681926231725
0.955587914800041	1.24170966743717
0.86750125439863	0.916884610527836
1.34687600524293	1.3617342314141
2.48688844740524	3.94892808273608
1.38135628853738	1.91737089659433
1.23680257446692	1.87962832388826
1.24771611315243	1.48621300803974
0.646329662891792	0.461144910235677
0.198092243846257	0.0880837665425831
0.30227062862337	0.18074762848157
0.757430548660637	0.694720495317826
0.289588904931266	0.132261193053639
1.06597747841961	0.940970220016012
0.00168700141558024	0.00176244245581101
0.541687918669308	0.562319633519804
0.56570871696555	0.457582585405828
-0.0885348106029717	0.0535091043046596
-0.21222246532501	0.145685427032571
0.0186889018463452	0.00976412504627505
-0.225024705001385	0.154077438646231
-1.28636207173942	1.22435480197141
-0.637488419607485	0.472652721001138
0.620148873030422	0.369418676793772
0.933224396521468	0.868887022090974
0.734551431674939	0.731098568523533
0.604315849437566	0.385222645096447
-0.0772724854892388	0.0511403348920638
-1.47710251683016	1.27238146289715
0.809909944136111	0.833006643445247
1.07043889388393	0.889285078093516
0.165848975758372	0.088448913727547
0.769368784702763	0.478843039940071
1.15029740633026	1.38508364823289
1.57104178171949	1.96076804643855
2.07984078331252	3.13752778558013
1.36026758830883	1.36168485204075
0.29547491164111	0.234204663318768
1.29615807128596	1.02546837965118
0.758931878078378	0.595350467834828
1.31767353802216	0.793927879036669
1.70344759858297	1.86514090694593
0.623083408395631	0.441058792667116
-0.479775135584065	0.253673858181584
1.09608030333526	0.988632451179921
0.956329974582398	1.04283967554819
-0.523093994858941	0.326762519342696
-1.14004409877321	0.645166713153495
0.809695061401928	0.604247627619667
0.499006434779667	0.456382819138268
0.938432488940944	0.884357800216904
1.44641499660639	2.31408282667591
0.435509800291749	0.39446348140232
0.525134746373532	0.556716521856422
1.33036496516844	1.65992503714376
0.600050630464993	0.389901432782189
-0.122167102990873	0.0851019580634622
0.0360842147883429	0.0234713529451389
-0.286598072939192	0.218867215624137
-0.842564800401179	0.66552133042516
0.168441833641349	0.127202152970439
1.10342826859434	1.57393952786942
1.23692142433539	1.5398761221938
-0.612310238347886	0.562030322016793
-0.469962034528212	0.437219465110048
0.127047302496205	0.0987124219233806
0.4826308351324	0.407630746733905
0.37071386789733	0.22965303602362
1.46419861781287	1.49094456348043
-0.431212568984572	0.376119904727654
0.347247988248107	0.197456785049031
0.552401546948651	0.467528068058515
0.611878131619839	0.553087084922041
0.287738223987513	0.228189741005289
0.325509559254622	0.273228269704671
0.937537149157626	0.91509415328652
-0.506426955010768	0.344497353459775
-0.372241788702126	0.270732177972415
0.734380337267998	0.936053948955916
0.794482023620717	0.674331591385465
1.53446866724202	2.33531864786663
0.543937381196664	0.46120967227357
0.287508295811957	0.208586066679264
0.459793850682681	0.331888562093672
0.0825373040716296	0.0544648123315214
0.570232210833222	0.459367428802901
0.284674676424954	0.215592589793248
-0.116851139581141	0.0889260877890769
-0.843611761703866	1.0078742866041
0.183841870981836	0.150553351532289
-0.273053266222789	0.21347841192178
-0.252768312752602	0.17669503425917
-0.124096354272148	0.0863811856475042
1.2940602299169	1.91809111178834
0.269982671187661	0.227948024205288
0.873072960716924	0.935401834572442
-0.172550893914809	0.151195352834035
0.117707287941456	0.106240725748645
0.938344071473556	1.11604932003859
0.141632461323601	0.0803041898106442
0.511858106306321	0.537597668693054
-0.0563824007195923	0.0402955003454253
0.593805314503001	0.655871063405709
0.290263843334626	0.199689141813795
0.0909020103090071	0.0683294146968977
0.773465415615643	0.735203696310312
-0.555239059232403	0.41660053766098
0.157089778216026	0.119039308479585
-0.107047100783234	0.0584118318535644
0.731567908282438	0.780345541614101
0.342512920923932	0.254755083952366
0.739380042391641	0.75749921897943
0.569908692422187	0.501530291598106
-0.117906620725026	0.0597318263082297
0.266095466413143	0.179952651475335
0.0567072119483845	0.0411439805372162
0.901912134954566	0.996132048884102
-0.0848888653574948	0.067952872569577
-0.711770118877435	0.58107109053546
0.125643230848746	0.0875498969602086
-1.09825353073029	0.884952828535444
-0.299909243318042	0.238593312269627
-0.295079315620783	0.171888502921717
0.169173611752579	0.120351181828946
1.32772153325373	1.65449243391653
0.6158094286682	0.777180361078449
0.423258571407788	0.283884094663625
-0.216889115604383	0.16328012544274
0.901475312678056	0.986718254601511
-0.0263594787042256	0.0162066899809575
1.293517437055	1.76454446370265
0.103737021189979	0.0735040861820999
0.954994038128889	1.1442374745387
0.41414203874868	0.299708550903594
-0.321452906452678	0.239023448745428
1.78650766370505	1.71757859334491
0.398726604217245	0.298290650435462
-0.172419676545121	0.105880477803182
0.391814818616055	0.326248461644097
0.673630739128033	0.752789268740653
0.534940026439541	0.374536542006136
0.428573856129279	0.353497181623941
0.651513473569354	0.629609600269517
0.820178776843212	0.877920243291586
0.136414232301453	0.0881144714299734
0.136711252220682	0.0873784189107301
0.158121262014078	0.0848179572310454
0.0175075996171938	0.0127288258617511
0.340337475466589	0.278923643686742
1.35318106866672	2.02707795382822
0.898016122710551	0.918523541731211
0.40354728764797	0.380712426218127
0.713315037378118	0.650518053451229
0.309265935981589	0.213835925929443
-0.00626857152251072	0.00408449739770073
0.396824832477559	0.323295292116914
-0.106626685283971	0.0693317742589753
0.198141540478233	0.128043446892013
-0.6710823630712	0.507856233800834
-0.0168929915356897	0.0115915108801132
1.3458011192967	1.51972712226083
1.21658730786121	1.55478400984987
0.488109191980019	0.519424521150283
0.537687057528002	0.453411638900687
1.49554001190295	2.0298055879411
1.89184412792878	3.12348353995458
-0.547717265783862	0.425191836157674
1.5689784717492	1.68948689555994
1.35649443859122	2.02915467831614
1.43668683177685	1.75376838876213
0.680928518124288	0.589992460311791
-0.32391888420962	0.191982703631146
0.622116318930663	0.407070707469271
0.25585838477687	0.186427060751221
0.310931839747248	0.238438982096407
1.06049667460296	1.2089653324089
0.253166409171726	0.201840660080776
0.370912242248655	0.356953674441515
1.00747651188669	1.28066874997791
0.798418061683465	0.595378573084532
0.543409490397915	0.427644257749554
-0.315889463189438	0.223461104861749
0.390395400260088	0.336570235769062
0.660416103689889	0.569853153239204
-0.102993543147182	0.048252581670331
0.725625462038318	0.484153273319972
0.6378987295955	0.529294379831512
1.19264811080502	1.06759512216855
0.0548791896698496	0.0344540940640658
0.432193162859434	0.31236127798645
0.164606333876832	0.113644808059651
0.634330767372188	0.5855107140365
0.359312012663989	0.239255085143894
-0.705563569845719	0.432519972468922
1.63906559039409	1.30602115860549
0.0156403629193366	0.00825455564295526
-2.94750269726978	2.25999495224979
0.615246951781118	0.402471339030673
0.976936509271513	0.984066590434361
0.210571879415824	0.131151634016336
1.09643138238928	1.00220518721355
1.8377363849236	2.19395481954116
-1.96465182114246	1.38977851622047
1.86836908216133	2.61985734985023
0.770489681938561	0.612799865061079
0.150890400897091	0.0615052600505211
1.30695779062395	1.0003824060002
1.80276075913034	1.72271972471858
0.108481892597984	0.0526385998295063
-0.986349680254223	0.720688908825201
0.834803126924285	0.665779046849693
-0.555714596184906	0.310081793839131
0.323749280605244	0.167379134631796
0.0726015408534165	0.0431716203262936
0.521842149427842	0.364164745909704
0.121551414143642	0.0813433402957873
1.17390380254585	0.987892667782483
0.139042622559391	0.0790200906910867
-1.23557965384981	0.943764484695636
0.178011779111883	0.0940413182841167
0.614484345534405	0.402425922325293
0.195690743512746	0.129032751556248
0.703584651047987	0.687656751192864
0.728298968247183	0.851589723039479
0.630317651363487	0.498657291520992
0.423439128249059	0.325208505845943
-0.935376006125641	1.0358648410602
0.204478544824848	0.142315505048553
0.458686183595868	0.385146276018037
0.402543825191837	0.371796551353788
0.196018597331039	0.113404863085342
0.896981928408701	0.980404930384139
0.853908080504412	1.02297129738954
1.24416787581504	1.47299088319047
0.406103677223437	0.391375967954272
0.921371166149497	0.857308373316139
-0.150001325842725	0.0973271190532289
1.24678110421584	1.3259680305905
1.0035799671906	1.30461988000868
0.482028989439723	0.372121916758347
-0.515649969538107	0.354287957951708
1.03274210897782	0.800431102508934
0.859048447541455	0.688828867552964
0.812024641915765	0.701222605659665
0.639776232375059	0.576371926053305
1.12616916570679	1.27360830404178
1.14770373822068	1.1308234852104
-0.32582253842997	0.213522073098412
1.10414246990386	1.7572004432722
-0.0890889933435931	0.0599889064231585
0.299894217371288	0.2515684182015
0.202144011504486	0.146769338843371
-0.121330409316074	0.0796454068654306
0.67227421832397	0.586978778612953
0.546311773487183	0.524694198063615
0.807089072652224	0.897132437804222
0.426388800577644	0.418529134828254
0.665378345342386	0.840369957823496
0.0202758914099087	0.0138534872686603
0.438607222719581	0.355153437756879
0.110302183140739	0.086297560055743
0.133229900537131	0.110468930053014
0.861209540733126	1.12298489321993
1.4382960249056	1.74172374974116
0.430162547826583	0.446580517703022
0.705513612864937	0.773870196978801
-0.0378216574181944	0.0273358672581115
0.439205784109048	0.453723853466478
0.584533408675655	0.585699209226573
0.725308144609874	0.746063108624136
0.482119352613834	0.462132669441157
0.468982219637283	0.433287391261644
1.19809459053051	1.73920543311574
0.0721505487141374	0.0480153277269204
0.575214847293858	0.463419830532487
-0.145246716078094	0.0993261789268318
0.193540763812865	0.134964592249874
-0.463042373158039	0.339965928823959
0.613346469812863	0.526405760277625
0.678531682440752	0.62274186589079
1.28162866223876	1.71493146278181
0.245041775715575	0.19738373568937
0.562151224708235	0.634794622028483
0.600506804006073	0.569418347681744
0.136175408078184	0.0889921721046851
0.551304830397911	0.580885303175079
0.154479639270105	0.128860938065251
0.17798316840229	0.157231487137495
0.18526521308563	0.17887309179471
0.0233334204628623	0.0195885497232474
0.454080561846902	0.592888899815825
0.629981671936797	0.947215360077023
0.50978984104392	0.67690362939513
-0.598323600102995	0.729427009941839
-0.285967808703374	0.319910912271241
0.14115207882921	0.132541322458163
-0.0595161286323532	0.0494595089369736
0.239623326871348	0.231846276910662
0.44263061471028	0.482760894422417
0.0885419523521699	0.0702114527295802
0.483124593017663	0.516148228830438
0.374719665164131	0.3603477581159
-0.474684480506852	0.342720009110698
0.15422727359505	0.117047120559058
0.654941513266839	0.632550504791162
0.678347170625444	0.862335607290626
-0.33196167510666	0.308521491533673
-0.269258653580182	0.19799354878361
0.679021055051308	0.737379756355572
1.01066092268487	1.50210677165754
0.187218134721965	0.200843581404045
0.207529737065577	0.16143095214579
-0.335089146920128	0.411217690310369
0.854864565469744	1.63572742306859
0.643989742039502	1.32098154895376
0.44643718951644	0.851729231676036
1.02431302576127	2.89978790431834
0.619564299756891	0.827629495709015
-0.445162733808851	0.720238566484848
-0.468810340877621	0.576117851197026
0.0157879781086849	0.0144916882903782
0.747408675272862	1.27011785188865
-0.157420519024624	0.148528133049747
0.622842564513495	0.663484443436059
0.214336427357846	0.193695366577408
-0.0135151319572727	0.0105048641627359
0.611297303033651	0.638598431820446
0.197265208590277	0.192687481458149
-0.236058153816361	0.208975270450874
-0.484272767329682	0.55012589681721
-0.0599792040704032	0.0570075390833576
-0.0161380569179932	0.0108491998572664
0.505767562135099	0.615615795211282
0.396208515589544	0.400994726616052
0.207529957866193	0.189338886772108
1.02993890980241	0.980519927107316
0.805973621161673	0.595680156863502
0.0796022964521601	0.0721426196211853
0.256370177597641	0.194600796409711
-0.69519470125354	0.644446283185868
0.710185113657619	0.840328579459506
0.417679298549484	0.490963533256761
0.147547053377973	0.147878095009083
0.795233287810966	1.00034850929502
0.402474420837544	0.471281968963415
0.402477842107296	0.360262373663669
-0.221191577039902	0.207357052348897
-0.254406666194665	0.215692564999967
0.0794891371843707	0.0601043117034568
0.410736422834467	0.385170621681596
0.527376503950784	0.494686348679235
0.214028951885167	0.162767554879763
0.296969735755521	0.188037199165
0.0820410690512143	0.0576878389644399
0.238282784596213	0.150415417950602
0.159577104345321	0.117608148010559
-0.372810667019883	0.287268619358843
0.565420225080243	0.648427519724606
0.357428930747173	0.351429246014801
0.823803335099012	0.985885036760772
0.868106549618305	0.902771834606751
0.419671154685951	0.417379196911981
0.633311796317419	0.72201664132441
0.0685435366331352	0.037892742159573
0.0930286680018144	0.0586443555740497
0.748534273489731	0.84260601424534
-0.411822321922567	0.308067425531525
0.375618092777139	0.330412517584979
0.423079347917114	0.412424651389529
0.741792523554014	0.869742512141031
0.593594893586191	0.707938382866137
0.0543579651156546	0.0392232972646655
0.754623658777275	0.702061325658951
-0.148071419773023	0.0969974815618926
0.0467932144870602	0.0342642888046825
0.168707208503052	0.129290288406122
0.56571661862247	0.455584466928569
0.214945601075264	0.123860490732044
1.19273430545018	1.02082722168618
-0.202093983158704	0.134772755950802
0.357325713523816	0.310491937009619
-0.0993898761407644	0.0623528941819034
-0.0271186648933892	0.0144375846868603
0.180526375317699	0.0965137316049451
0.916087849699104	0.955694545618187
0.791735217140579	0.89353385248114
0.446742995759796	0.258855138867648
-0.112044281954063	0.0625976579197416
0.822137584606619	0.755167979990813
0.298527669919048	0.213461999051746
0.470858604365053	0.355910401468419
0.276516045139996	0.188848436451023
0.443642257271214	0.255512064267775
-1.0559390493605	0.966915472178497
0.212688524615205	0.106797584726972
0.736467587974124	0.634779146699081
-0.0603275852469952	0.0375639704460049
0.171552173627072	0.0830745501885977
0.232375151629643	0.146796287081584
-0.369356966698477	0.226477170098279
-0.211847880719736	0.12706537424043
0.872527413595563	0.942866547491338
0.240496696625852	0.169560684176516
-0.115418323555413	0.0639945285634268
-0.221384759605311	0.152664745231762
1.16355997391838	0.978600938420623
-0.741157167732455	0.397831667890316
0.32482770344978	0.18027295119682
-0.305014833653208	0.212007525263611
-0.0441429580051461	0.0212150453612462
-0.689920633325328	0.422436997579128
0.267886053427771	0.158579079206952
0.544262968621428	0.325666318902094
0.609558357273241	0.475708659759899
0.287750354105969	0.171940184969379
0.110935656424275	0.0584683079456449
0.254111587859567	0.180479182779636
0.397397403022545	0.302771979038077
0.0621713874461464	0.0386986295061377
0.211547638713709	0.131462885117532
-0.454984344704575	0.273579220391185
0.000144024129526987	0.000393943224827884
-0.85284584286624	0.81693063759136
-0.308565320386827	0.182114101614758
1.15972944675581	1.37652348846196
0.0189259306723006	0.0128645989315685
1.00826792690096	0.907049947979836
0.793366446325569	0.80652261586695
0.347555292889014	0.243718976830551
0.1254296019688	0.0714103621236047
0.712107311839087	0.695395261187985
0.608939265410592	0.433508710049045
0.531479506405166	0.370361868998899
0.248200633817633	0.137033565832922
-1.00170036799238	0.654716230288994
0.709023353239614	0.468089430615013
0.682937842551408	0.374125625384637
-1.16304840012887	0.812089031938
1.18696897132503	0.92512678773012
-0.101588799354229	0.0472156520245077
-1.35498898577257	0.849969024360611
-0.641544699785905	0.333785298807626
0.496129111948377	0.33683219004179
0.460614111035403	0.314013369343388
-0.0169457485465314	0.0111946439278739
0.367933108042964	0.290317193346651
0.35149288600448	0.262815792229812
-0.988782331994166	0.632310774316472
0.4396535776191	0.299013776871276
-0.557015279045953	0.310350966834113
-0.52261593647157	0.398675843621501
1.05089096942669	1.35592522935961
-1.14707172886275	0.670281117951016
-0.273046657496812	0.178063652995952
-0.598751881543987	0.377764453685108
0.0223435372929987	0.0135498388506455
-1.21689496930017	0.934003332622956
-0.982015936493774	0.505436213821597
-0.324139985696855	0.192188765927532
-0.313971832794376	0.203289769872059
0.643144873265067	0.478586928133226
1.1098217553499	1.01324139164833
-0.738223567072506	0.480401076803833
-1.4949820326218	0.815308237001102
-0.630988332778359	0.373996711490821
0.0502939520213746	0.0222548256867305
0.596950996552866	0.512976107355878
-0.551716553178888	0.305774012967396
-0.110632294262983	0.046627383987807
1.02381200306497	0.75098704758105
0.655975707349748	0.500201896094958
0.395539203433398	0.201713830644958
1.42414430726445	1.29289666992505
0.431312338652438	0.29265910256466
0.308626144702933	0.14227436393121
-1.36781603172268	0.910031495799294
1.05352702976179	1.00575336354371
1.14876277121845	1.12347157094518
1.6293836265623	1.42359297664065
-0.445536859564848	0.255626543335141
0.437418603679536	0.275534508108378
0.280412514471429	0.129187223771223
-0.934909244807716	0.573259757343303
1.11083744997755	0.779639409251383
1.33079559715262	0.803684277295008
1.11628208384206	0.847126636528543
0.507636975115016	0.321110421445195
0.964245615565838	1.01840013816656
0.702019934126364	0.458066507270038
-0.0934649164121133	0.0476907047331645
-0.207010803758035	0.103404596963231
-0.570875996171383	0.277511034321989
0.990401441258042	0.889507106746665
-1.96381554879921	1.3886112312613
-0.931124965870812	0.576214872343606
0.0530745062902918	0.0251535316767116
0.623278763424963	0.405411235056785
-1.28726785530443	0.803141251192069
0.764207244713864	0.465814169569143
-0.554732272080208	0.30953177538369
1.04572060895532	0.610722495429098
0.164753282936747	0.0666053650378486
0.152422568546416	0.0879130084530177
-0.234676419623054	0.143368403279401
-0.305419524659224	0.194743539545068
0.947538395445804	0.772594322252198
0.326415641189483	0.185350003069529
-0.112883489986334	0.0619925129306763
0.16363403494795	0.0879686204453691
0.270996986787296	0.163917081026084
0.194610822616161	0.0868696941278709
0.767635887032291	0.584614355221607
-0.975170493957679	0.506446370916354
0.265839484304551	0.182013718992834
0.687133878809697	0.385756544668151
0.0441692735759614	0.0240350817400913
0.0782461018677413	0.034063653593679
0.663353766483325	0.467779111086678
0.787093269655172	0.576219177997079
0.541618400820854	0.239403681628377
0.816751872753541	0.427034948491786
-0.162839291705376	0.0635657998279574
0.793890753278406	0.402931032804947
-0.180664846856316	0.069004820552008
-0.431804537148863	0.193670169549404
-0.467773937910377	0.207656387930587
-0.713357703184958	0.324435983335066
-0.553397983860319	0.265116472293431
1.31120022577162	0.780290813237075
-0.253218305833017	0.131175312230259
-0.720259978347907	0.332995501624895
0.169384922785598	0.0893705198947339
0.381705597197205	0.254012631998784
0.284227193028536	0.133584900935022
0.438070609444116	0.318590398812556
0.0971743518037884	0.0413838946867419
0.526903692055175	0.313694490572672
-0.722321822722405	0.334611751142212
0.609621397382676	0.435388265230681
1.47101681545192	1.0982918603277
0.346007519923433	0.144966762598317
-0.476949728725927	0.285798622232691
0.343878237881809	0.195134632401228
-0.559485794626481	0.235083377389342
-0.760841435185572	0.498985832862544
0.982893470264874	0.796683023665434
-0.376906564907926	0.207879960758275
0.317886712701426	0.161689685527148
-0.157764791350813	0.054009560726123
0.777495675924524	0.56506756357691
0.299199789554842	0.137985202322423
0.548058217365066	0.320774967403368
0.231999938947592	0.0849045421370429
0.775089264534334	0.480268321954887
1.61194544420074	1.36750924687035
-0.57534902830451	0.241521205541713
-0.424885847924674	0.188470257572014
-0.218593825832589	0.099834641737082
0.862962037768058	0.593852733041761
-0.16638893785089	0.0571656889168969
0.150943160620166	0.0683393874739798
0.854213126510624	0.487836272900248
-0.137508550201871	0.0635695432716353
0.0121461711945758	0.0062948869648412
0.344394796726086	0.258686066794378
-0.565088549666092	0.311740190244905
-1.36377603301506	0.909605158174541
0.521996129824049	0.338778509734802
0.11128650311867	0.0589787154381207
-0.217693025837647	0.104781952040587
-0.634850951824022	0.362085019222627
1.48579276560481	1.1902349348634
0.0702562597232314	0.0308328776105672
0.294552156133193	0.135325688951034
0.15441438899142	0.0699355317998198
0.163303310065828	0.111313777522223
-0.16124056418749	0.0842977756108291
-0.329486285587489	0.13872523434051
0.180234736260743	0.0813584174604433
-0.704936366334764	0.309724038576725
-0.562698195856883	0.312299077586429
1.32641949134265	1.21671865111961
-0.802478877635364	0.444379566608797
0.432759229192728	0.25133828008336
2.0035366643135	0.890966442211705
0.415507022141225	0.198873418410323
-0.233450761625044	0.131061387073553
-0.172285042473131	0.0669197857077407
1.00721389507823	0.755351212676292
2.83307699760311	2.49646642647247
0.228727375265406	0.085737286823241
-0.853721594059628	0.425573886585953
-0.00971206872960694	0.00318038053955091
0.816004728966919	0.376968362005227
1.31797393744514	1.02770012206291
-0.172227824449491	0.06760805236575
0.159449299557182	0.0648737700613756
0.303070306022283	0.156899075629899
0.267883482275551	0.224096838236631
0.14033908166135	0.0681703550049974
-0.34536128409839	0.190425430696894
0.191910197840906	0.094052014387138
1.47025267355754	1.49072137447451
-1.14815787997251	0.817652951374356
-0.111970546700275	0.0602174335653869
-0.479521245533475	0.287044219377777
0.547833020946666	0.322926646981509
-0.379723003987857	0.236527518255829
-0.132403205114878	0.0622100923301478
-0.557340737933518	0.269742065881944
0.594310822688121	0.447082279743307
0.326850501883767	0.168406386942946
0.592878402108297	0.452336043755443
0.218067216876765	0.108942847777486
0.30241243850847	0.153321336686439
0.136119838569152	0.0555666054962331
0.533253211118066	0.317784893872481
1.85394794160313	1.29199809724466
0.218075621372604	0.110577434917326
1.07794801304475	0.699917089517485
-0.386352855529247	0.216112198242745
0.461807411196701	0.221841145220384
1.46664505495851	1.44441378189942
0.821685990940561	0.422644371683421
0.262150206365962	0.145700452676695
0.538914983100504	0.34495979783312
1.64945193411495	0.636815169113368
0.224694817991569	0.11128348950566
0.164749778642873	0.0663651184411949
-0.90708819371921	0.376464625611981
1.25074992283659	0.888065608539726
0.292869003416088	0.149238983064987
0.174137170217156	0.0705788094283147
0.237551240346299	0.116948391344599
0.715101731205119	0.677927630277857
0.324586466125115	0.246350970690032
0.217698359254693	0.110452580518575
0.0918518046556892	0.0632708533382631
0.439636070122392	0.279436657497272
0.516433695468455	0.386467616385661
0.0762045522760096	0.0400888533949031
0.513025993707173	0.381352361672262
1.04973504129558	1.12924127698369
0.548896921389065	0.435077831247868
0.478649054004395	0.341234676031122
0.590562850324603	0.465338190051688
0.361298279765436	0.238466894822498
0.0933598335863655	0.0506418504546096
0.522472984442291	0.391323000954452
0.0629006338308853	0.0294575055462933
1.13588854499502	1.11494059619724
0.310280647946611	0.159366585100987
0.424306127859102	0.221423741015829
0.354647019155729	0.248842674923647
1.27900085732918	1.01621120809166
1.75887714678677	2.32410627118143
1.94760534053938	1.7990003453882
-1.69683048605852	0.716210254479413
1.0120482787567	0.951345941931097
-0.445630558663191	0.202473247845256
0.538814660525114	0.238408062186713
0.321216153327377	0.179793324716588
0.00236083814690818	0.00117264601117555
0.891090232813992	0.67088998147327
-0.180456569829169	0.0960646186883607
0.35289954133727	0.217812391464757
0.215581853514974	0.0801025298130598
0.603466442797148	0.295506397719487
0.522577060077338	0.276559379439357
0.441961243909305	0.318000613631078
0.0802934888993498	0.0418949150452441
0.265594439012261	0.15943773343669
0.510409532676225	0.345808168044157
1.06227588808861	1.15506012739373
0.169720859198721	0.070111050783935
1.65414817236378	1.33790678895132
0.509261589647771	0.299448008141709
0.295471910194245	0.148399403634288
0.221138876535267	0.0827975659805073
0.531047340652002	0.279131204124853
0.461184583458638	0.219376886444436
-0.104746508686091	0.0432668307732597
0.916880596804519	0.572088060971994
-0.0993836508557132	0.0463557161060472
2.38864298563555	2.09641552135483
1.03478974019598	0.893191594242446
0.61225625496269	0.429885843631448
0.527744311594687	0.336567596635276
1.1992815993863	1.01330165804338
-0.105067363825083	0.0447871480358612
1.1534619776744	0.549133325813637
0.335704718115257	0.143480598748973
0.523398495874167	0.226624097836512
-0.370379925352116	0.142453425384123
0.808412656437454	0.415224357435189
0.0082830200705931	0.00341389206076587
-0.559387513578042	0.271619334913398
0.439221013077247	0.231459038661242
-0.322752310788163	0.137151218254007
1.30077957861979	0.790131277781469
-0.238073426915582	0.107309363527136
0.59826185343977	0.296427416400522
1.54823763063804	1.87669050032798
0.12900335421623	0.0634043728402308
2.04075799536555	1.52946663554051
0.612841802993299	0.433560573074745
0.818737909483751	0.70460867351196
0.397774924249922	0.301958069013598
0.260570903557091	0.164627343977746
1.66452751861634	2.0836452798825
-0.124403246138498	0.0612610232213853
0.755158898415326	0.705799465078127
1.34344180592005	1.49255604865714
1.27312985729701	0.924494016797506
-0.031070959863941	0.0136811426177864
-0.580447340719882	0.246041300757089
0.963043559027007	0.788418697020501
0.794852688396621	0.578118589063119
1.07134663548953	0.701230161087091
0.984831642985215	0.737654803285818
0.640410000147833	0.387234159338319
-0.393770465561115	0.150085049286126
0.00723500021502994	0.00315067066736394
0.213956400065851	0.1049211411893
2.41007395887908	2.13998113618817
1.2920749858164	0.98305350020369
2.04496130959076	2.23861465257314
0.330311488833175	0.140171546663991
-0.961574864979728	0.506264479820792
-1.41258048711295	0.392583212481328
2.03799962219242	1.54294450928064
1.28723241736592	0.928274544032117
2.3265088001755	1.18937090698941
0.952209996588092	0.655088746070551
1.10491511619653	0.706777664238369
0.065331914321249	0.0288120978424356
-0.0175958484501979	0.00763908125445592
-0.0147988884941924	0.00669399807802625
0.214607971875386	0.0801982582358153
-0.61171035194229	0.349678962701179
-0.328185997818539	0.136718828833385
0.63849667080208	0.389399964076708
0.827836491167256	0.917823006621519
-0.124481943783323	0.0687288351646349
-0.0680618099717239	0.0403908357045896
-0.0779927455325865	0.04442498829433
0.238673255823807	0.130288647745266
0.678654073829292	0.575611191567468
0.813446837471681	0.818943475021034
0.379111458157972	0.253979815241488
-0.308516124798253	0.149805530747598
2.0008381170968	2.39230983440141
1.27897690392268	0.990118592863031
0.213171036649275	0.133778051206287
1.85285465047115	1.64969302458671
-0.359728287968279	0.188838044273707
-0.739195643599951	0.404413246996777
0.070526840881767	0.0332572007908008
0.844511703580198	0.77632559351269
-0.108789634472956	0.0456832194355619
1.83914226416621	1.65909202495609
0.13245570706711	0.064513607063309
1.46628653163266	1.17830749650984
1.14700863609035	0.89354218013885
-0.133426928184211	0.062613695735871
1.09665498550473	0.707297976196942
0.735404821319001	0.499342185046076
0.605343300551458	0.391649994647993
0.647676400277143	0.392442137478406
1.28928007668213	0.763005782774454
-0.409052774514636	0.207543509113914
0.424851101515746	0.2044364118069
0.687353444068175	0.379379433279116
1.32819317253181	1.13684380647104
0.485213014864623	0.186941631260562
0.439245632267217	0.254152393635683
1.83695657260069	1.59102653307595
0.249642788408702	0.178441836004859
0.51436531791331	0.380761940505821
-0.11286130069003	0.0631670714186911
1.02122883193819	0.78485256614397
1.00789104539548	0.767294110635128
1.49623301065092	1.10734901281765
0.451300018861124	0.261784533910275
1.05664230574286	1.18736022079463
0.590409640000952	0.506962334793038
1.96178028959558	3.17938805045911
0.565818537543033	0.415281556911545
0.289389870551975	0.187230484925208
-0.315872567313481	0.150827965168233
0.164930532697208	0.0658592990798067
1.60092009823698	1.50603905332998
1.34053132977259	1.5312792743989
0.834607415658201	0.556296349345887
1.6549585703982	2.05362934418366
1.59193737490341	1.71635891756816
0.440680492131085	0.277985119123026
0.386694682736684	0.199384392518101
0.0120934986970704	0.00429610556732261
0.606192671171429	0.432456446350693
0.893482939283035	0.547818756034158
1.84111210323414	1.20436546014378
0.32824067826719	0.239650690891986
0.62568611842837	0.376127209758554
0.63935938912865	0.447413795946701
0.209362284901955	0.120192832497372
-0.724406307395844	0.330648935956927
0.604683409861896	0.302863821810628
0.548313855867876	0.243389984466612
1.05674231232826	0.877683856164793
0.890422347025526	0.778301146553391
0.231892552267258	0.116383060283957
-0.143984268210041	0.0716257158650049
1.03084184530072	0.778001778929565
0.87328052432348	1.02432505667319
0.610717024559977	0.526913471992732
-0.225946494853063	0.127242189636012
0.676692457926934	0.583625487731855
0.291780870778666	0.176525249463283
0.451152413208205	0.26257572807971
0.631263067523769	0.410589370361838
0.777657303818643	0.482689877379133
0.718900209957099	0.476900467825761
0.715124202921824	0.466900847030783
1.02409539281621	0.771614905648591
0.798080547239737	0.592764182473516
1.4685649669589	1.3556892558212
1.45828713090103	1.25049556052311
0.299272593429273	0.194738806863116
-0.0985496313995937	0.0499506368989834
0.826182114486182	0.427298652605383
2.16665321645967	3.07978963936562
0.498406074823402	0.319529333039904
1.44820022856001	1.66231916660204
0.591563633824146	0.415352849480654
-0.000681320183309287	0.00026100889964447
0.33076795851112	0.18763568810835
0.833519944953804	0.434767649556676
2.03984112249798	2.71810560642243
0.516710633107075	0.300647916724414
-0.0905525013100622	0.0377861562874776
1.62840848903692	1.54544613855721
1.23170374232379	1.1961167225384
0.544691504405017	0.297540300185283
0.29291483506603	0.136632512794525
0.956086956228898	0.791032309375829
0.787514286634608	0.652259181251325
1.49318300363036	1.08934097955594
1.03522254604783	1.06062040545476
0.835776459971294	0.567401120137614
-0.00913122810038561	0.00436051756351056
-0.119822932616617	0.0657144639672317
1.03073153601022	0.797758416475336
0.67985348312538	0.378164307110947
1.20828083246711	1.11179293137613
0.906856130935604	0.57399251381099
0.451425949642962	0.214295231316383
0.692280616493376	0.390350066859256
0.0000222417678205268	0.000104079957224781
-1.88078066400755	0.887768995044079
-0.213552957240253	0.0954527912605716
1.16353390286274	0.907136278281327
0.179977192742195	0.0972552169315671
0.350025683097365	0.144665328851694
0.331249305213799	0.169529877988907
0.893779045343984	0.56336145420567
0.691706652068842	0.379096937941437
1.42094975640172	0.79396536260198
0.721468505375642	0.524395937863797
0.551834333463934	0.243978556813988
1.0860591383357	0.698560516457614
0.570336946516679	0.251021892362944
0.537691441381958	0.291017271956098
0.0176930644460376	0.00616251616062644
-2.42058965178718	1.42606765281101
0.095445710201277	0.0459964416619673
0.545291526296572	0.292824305184631
0.532114070671076	0.232612664940371
2.08280426876134	1.34007772150229
0.841190785020444	0.346533528853373
0.840100627071398	0.462847162353413
-0.0357454376847874	0.00976622940795512
0.14644749876267	0.0595482538602428
3.44371153517053	1.67619063326831
1.15499106296025	0.357626976076535
0.158932568187529	0.0657460321866954
0.544540822200027	0.429691536232267
0.287343206723379	0.218926949577061
0.181195499369601	0.117125761575941
0.377058603467103	0.231073675944202
0.264555944554571	0.157763234635768
1.21408183612372	1.07702911377711
0.419770712567418	0.24167921045654
0.623341361770604	0.307589422636328
0.546139263250929	0.296545586119574
1.16776535701331	0.564877043054942
0.243618314984523	0.122378489553318
-0.850774651079111	0.419219996472722
0.655799553973085	0.400930530196901
0.975479681395392	0.685638338911695
-0.227468641916193	0.101062714460552
0.67465149163815	0.370686844730902
0.280908344880151	0.188759809518366
0.0498178048078376	0.0329547360650049
1.04759615617557	1.13002066022531
-0.0539821021504623	0.0334025427620079
-0.305322976724166	0.249379208938751
0.371267452363609	0.243080643894859
0.326793808287688	0.165413801391478
-0.53479983237947	0.258177157884157
1.48035923485742	1.57489007448221
-0.308212972880641	0.148550837523848
0.737660661979595	0.442243540523181
0.694357760413404	0.380603430031365
0.497176465328426	0.423436272433828
0.569287213751561	0.530972052731765
0.310511027760069	0.170657480234156
0.732015792866823	0.776340783231311
0.167673403717635	0.119736813448324
0.643295874424634	0.678679193527321
0.0245674843890379	0.0118659033269996
0.189264265107571	0.0932059496281991
0.826999062402302	0.549156363883254
0.271549034567859	0.163639836390633
1.43828914595126	1.61917255427606
1.91145417287012	1.57905815020235
1.10120089591064	0.785497458605283
0.145411855691123	0.0598318611965648
0.557519614757026	0.244766321565495
-3.23785651969922	1.31106301795449
-0.178724642933278	0.0676652929239396
1.42947930373415	0.785714157615431
-1.50045226274215	0.833164881956267
0.792120445921622	0.365898908133902
1.80577814402211	0.579897169515412
1.31040755450802	0.567793004590796
4.19638297135427	2.66144867507993
1.12904102380043	0.523733145338658
0.544958045339479	0.243230274696713
-0.655959395050446	0.33796963317889
-0.1698422911169	0.065896675222308
0.806359316034793	0.417155209031362
2.57757744392236	0.957433505286922
1.87371849321115	1.06384941968895
0.528015380481653	0.282278756445897
0.859272233883941	0.486449971750969
1.6370452846032	1.44810970277125
1.4652729673823	1.57042196415771
0.521415923271357	0.306701984785072
1.13865751367034	0.882464196571587
-0.53454121417445	0.253763894377318
1.0625657945376	0.624335782833904
0.295739747208828	0.159921537121258
0.165836827606027	0.0747082963121249
0.312641600704672	0.157443707172768
0.800347933301396	0.364802870833442
0.849682009986953	0.483489182516878
0.916662425066021	0.697261728924545
0.441821194804648	0.258238073617498
1.15476928803636	1.21059477022912
1.36144766523478	1.56559300629013
-1.25051848116168	0.616247474143185
1.69009922128212	1.94234320339741
0.826103615007878	0.562383406301751
0.413628671849805	0.215095060729698
0.730560671837039	0.495306669479947
0.206224047475444	0.10269077641976
1.5023669570632	1.11162208613121
0.674931044691248	0.37025449876061
-0.856510575209713	0.42378630719691
1.24806756626248	0.882397657058559
-0.410316822090007	0.127498107241755
0.623296546898948	0.372970912704395
0.692712137169213	0.5040928903843
0.0238772093113861	0.00907873953868243
0.463221199532205	0.220318536776147
0.435998489561057	0.228237222009932
0.832910917461361	0.33826278455724
1.3212044468752	0.56113846162476
1.64689842445887	1.32443444712974
1.01996067108687	0.776331392853863
0.595958590745934	0.297285769831854
-0.238621643972459	0.134387581442458
-1.4510683686129	0.562491285771431
-0.719880038396947	0.328010088442834
-0.397466936205661	0.201368796653447
-0.112115499907069	0.0469599126594822
0.84441130791823	0.34719586390552
-0.303637697604867	0.142151289840128
0.232286267085006	0.0873338474644755
0.456819991939243	0.217397422607387
1.10094904711805	0.788119277815674
1.15669497739742	0.886627902771452
0.854409290560212	0.477995204683846
-0.295976897421481	0.153687656306536
-1.30721637294153	0.824869111714267
0.225935715525939	0.0840586883067686
0.870542640060112	0.484943165287574
1.45670161962048	1.14773458334772
0.435957550540319	0.250377977473563
0.845098064168333	0.433185491806642
0.547243094486109	0.243274014935204
0.4166902458512	0.236196834813872
0.982723920829904	0.806072463226988
0.887479667424133	0.770493192207269
0.536565459555777	0.370447982650031
1.45693618488691	1.45202800290723
0.67465149163815	0.370686844730902
0.416276174662012	0.218410427220225
0.170871786848783	0.0692068472580541
0.12823402792423	0.0625092932153482
1.08396957355764	0.690403006306972
0.623378778029156	0.367849753216859
1.09908233341592	0.988098266313396
1.18661749521525	1.07453766900561
0.473612452105167	0.345111502511788
0.524125711363876	0.387963634806534
0.764803261150209	0.698368094035498
0.220401208260449	0.128490156159045
-0.00891471548551176	0.00480781786123455
0.655126409532552	0.399315335026867
-0.0266490700619914	0.0117148770184653
1.11518764113035	0.793933319137619
0.138081408811039	0.0668053858645204
1.46083088114557	1.35324354498176
1.7556283217749	1.82250621651642
0.40490540111479	0.228968624898616
1.81603820548901	1.60517733343128
0.509732286968979	0.257934107596107
-0.323361001263378	0.173211972759323
1.0465958010511	0.614812160425986
1.61024358324003	0.810994391306939
0.910904407381873	0.685673004667814
0.504891560702112	0.377036966623862
0.635128712069396	0.417819707242486
1.48107655761501	1.7212348757616
0.915945202700976	0.576942386074651
1.26393485463828	0.80201424080628
0.771999293026073	0.743741735389021
1.10850363555432	1.32999880427846
1.64270592502927	1.01491528269388
-0.117695585334075	0.0493950140756964
0.11768742272667	0.0377393415039947
1.908746840092	1.59178919156309
0.925211409788548	0.693798972844756
-0.318041817699771	0.152921394400159
0.391784507240616	0.292331484796759
1.17615327413862	0.994539651069
0.354563761032757	0.218467938653988
0.53472759471748	0.316489710959793
1.8563781437207	1.29608917200437
0.429577343369135	0.262773353694355
0.140665877700191	0.0861115787853505
1.85851300027179	1.05257558966641
1.03641321849621	0.5994186869421
1.11038120912489	0.787753608171632
0.519621346865653	0.43850897459734
0.852512519145637	0.785254349696134
1.45891008931387	1.46083576207749
0.776427729608314	0.558819930222093
0.580991766127194	0.558153238999156
0.824953110455699	0.858384475555372
1.05385374134996	1.1197284388149
0.313737709437903	0.162910354605727
1.40124643598025	1.79231286471974
-0.241867218520635	0.13545945258958
0.933370501999802	0.868785761604226
0.905305322046852	0.795276385717367
0.527630239985991	0.340680331822097
0.696975431216163	0.643018018955748
0.444452353804397	0.303558323143553
1.12297675190527	1.30135579259308
0.505573009175667	0.345238264448003
0.102445004580972	0.0534168454599073
1.5481940703837	1.9339086810336
0.602848327808955	0.412097182039956
1.08332368514343	0.977498367065892
0.511295725442125	0.354068914362265
0.424323415539959	0.279649874482845
0.651660732169329	0.501112231898406
0.848536284721676	0.652480984377116
0.503148718205641	0.434024244348644
0.536761076442966	0.343637874283397
-0.317968392023544	0.203599415328192
0.529648269326269	0.338478971333336
0.545071005465311	0.351855487178971
-0.333406383028572	0.198473150884496
1.05328144600206	0.86624082704746
1.03044568206321	0.971937604737198
0.682076283285005	0.534024191990565
0.665993952403884	0.572473121257298
1.44722532257612	1.56815660725221
0.636767556260792	0.451691251981821
0.498571908410482	0.359827451127439
-0.0449585734005698	0.0191548346738001
-0.376261796366648	0.230117923292405
0.666371992658769	0.367001947560389
0.498458024041881	0.364363412216504
0.2799035980561	0.180027354846234
0.192757720369302	0.1031320534048
0.125445906006186	0.0615856649910772
0.963373977959335	0.800195728352227
0.531253248607264	0.397635649201664
0.840011342222093	0.766082548808698
0.169124618956195	0.104154261470979
0.599032926340744	0.295919595211761
-0.842282692494238	0.656605125496284
1.13400417015855	1.40287283032483
0.68655097050756	0.533665896555687
0.639575470866549	0.368136334316931
0.626119506176205	0.410645456809256
1.06963367544358	0.8958165939922
0.637366958101503	0.37505268809092
0.566033339920079	0.469360979429692
0.912214628281521	0.858816710730559
0.442838031081252	0.211477141131159
1.27211790244953	0.985459575710781
1.07099979689419	0.57075783051407
0.530183829633277	0.27673960403364
0.443829550587716	0.299973292392278
1.27015482088586	0.910981739045182
1.45687142844782	1.06936444604715
1.10008753641404	0.692094835867894
0.612773791916606	0.30323357232419
0.995034088945485	0.886144509827014
0.433397986090653	0.274794472582549
0.700320075904664	0.460532533169128
0.183243052307089	0.0821333375453948
0.151533848275152	0.0677213365608147
1.76175825288322	1.80150822781112
-0.259242339342344	0.135659257941598
0.699410880129965	0.391193130347917
0.537615988604965	0.350212718192337
0.541000295746364	0.320741057153037
0.433009254372648	0.253243075468421
1.58907678898815	1.47892540305049
1.31312315603333	1.0342819619363
0.432146848261295	0.295788055840766
0.839504169809215	0.579281961467744
0.680165899040704	0.374945106005707
-0.308899440018084	0.129862351687154
1.28025339577372	0.91884596477364
0.743302585256125	0.495426006620975
1.76239351987818	2.34149791738248
1.59938304259617	1.38509402502992
2.52974238985983	2.81844698005163
2.26320660144475	2.49173320375413
1.04381595917938	1.00398610899259
1.7024034745399	1.98913218035923
1.1315558529141	0.870351948728026
0.950478591863371	0.787705019218639
0.359154104634786	0.197009886831895
0.832562947374915	0.573674406812946
0.522730655045774	0.333804454232574
0.659099716431046	0.396021874017788
0.441983720935756	0.211220872298429
0.698365367125782	0.393873465965908
-0.722197839195483	0.399716928445103
1.26866290205659	0.901622597192015
1.09330005097345	0.707781270722853
0.471156102817835	0.29669831380712
0.612877566174951	0.299858144001674
0.947529520476899	0.984409508615013
1.28240747540426	1.0954714707476
-1.18016202731595	0.853414214483258
-0.664775749178403	0.345299265950704
1.75017569554957	1.7923258465919
0.328520856980829	0.184371453037876
-0.117364102729534	0.0540005018956381
0.904576979190158	0.670667952538223
0.235925245289911	0.115633393610557
1.00505591335193	0.742571851658042
0.627308891086815	0.378510869099672
1.60090362851814	1.63325825064334
0.188623785180665	0.0993582250682054
0.511418945555464	0.299020096813594
-0.322188280117957	0.137862901042161
0.0388723514614485	0.0182806369694155
0.450287946166782	0.218151573057818
1.27206715248951	0.833518532209262
1.10445876402403	0.771031644758897
1.16901664475058	0.910175406840077
1.20303258352355	1.07178639087714
0.833734175704887	0.425482611498199
0.538393189336122	0.291878660731636
0.271936325780028	0.175568878007102
0.444193847957621	0.210624969091619
0.532921424492682	0.314963399219308
-0.730837693436417	0.336319984257153
-0.892549617500915	0.538859704932215
-0.926280172040623	0.576637588519306
0.320831688706564	0.178113204883782
0.857139571147431	0.593612093444154
0.681935697106212	0.529824926989232
1.34411591858603	1.14120887715498
1.4493854137955	1.4234840085233
1.26533252857653	0.83162619557486
0.78854884581382	0.576245451325852
0.564358483264021	0.306375603421094
0.134378504960987	0.0710143950364429
-0.20645837385485	0.102433059952411
1.01684206955938	0.783215769126088
-1.59654073767162	1.22185476618301
0.0783032047900635	0.0342969315879195
0.342634260873674	0.147102547108706
-0.240946483236119	0.135997398221574
0.570236845066217	0.421108009219089
1.76158735801034	2.35607683838296
0.970822612571729	0.674296610895263
0.756628741894328	0.445355699264096
0.652873772557817	0.591063511426522
0.219695121206651	0.108785465041527
0.642822075671419	0.641919264613315
0.249501363754826	0.138318034596067
1.05381896018551	0.86897996249156
0.61035681000982	0.432363266041973
1.02545147359205	0.834813513737029
0.344660799038956	0.242004506595222
1.47344921182299	1.49124977006974
0.325187070420966	0.229313109033946
0.691071470758591	0.502434355853457
-0.466095470114577	0.212053479530007
0.56359292839247	0.30781896498844
1.31903503649871	1.23257910189751
0.659997019531707	0.349958336528982
1.02930953892129	1.11121892859967
0.461203867773736	0.336350851465343
1.41213314703225	1.16274987941328
1.45216562649615	1.22340835469984
0.4495876153873	0.306687084563892
0.177659441879752	0.0795846999776134
0.682348310369036	0.380167261540543
0.540759874919422	0.291173266883491
0.533037277871932	0.364642428405202
0.540252698903945	0.319921905794948
2.39264027955983	2.47147052109723
1.47438653486206	1.40937893945968
0.166551712675642	0.0747874661040266
1.46336153049178	1.24645992186245
1.65232884439116	0.630327623928871
1.07887706834204	0.57666774814965
0.878564068389989	0.536700794937583
0.846673096320671	0.352889978614112
1.05491864152177	0.662129241771181
0.0149834266573289	0.00582826870651642
1.59005797904174	1.63045872963923
1.16664203349974	0.974904986388729
1.31832698666574	1.05236963875828
-0.0186896385471388	0.0100166314733398
1.21448436765961	1.12164703021982
1.07142150935516	0.574267625233959
0.603791128816606	0.457495285101218
1.07347055624217	1.33540014192063
0.996218864736887	0.737048813165824
1.43658814518214	1.12604766915733
0.749802047408951	0.454186233255625
0.309850461059786	0.143375804163047
4.37696211817068	2.96504922654106
-0.108787409180542	0.0503675325775308
0.342153625284089	0.147815887316714
0.51039320928012	0.320362177771448
0.135273064261071	0.064998957609143
0.348095765265782	0.147151253003983
0.536014239727767	0.237184442063151
0.529387846355325	0.366930305942081
1.85457416591859	2.1818194931843
1.1397897433554	1.02812648634071
0.951304460110364	0.942671864041514
0.827336701704706	0.608995716987845
0.667358353088294	0.510741491444017
1.77336022483551	1.83846309302724
1.45409382001931	1.27304114905808
-0.652288462703859	0.341922471520523
-0.298322949476807	0.13961983732153
1.90656425540511	1.97490291489954
-0.536361776251793	0.259377096962011
0.876082319536355	0.497595819635589
0.323629646485251	0.131628368569236
0.900729816688155	0.547142161360992
0.153097677358903	0.0616920663815676
0.529860566270902	0.232210860851822
0.207929302955031	0.0761112592615454
0.408524684396916	0.233420719971706
1.04584624538827	1.23601078548483
0.95737791103024	0.66131431048063
0.904602127476813	0.664861095120147
1.61372050939187	1.50692518667173
1.88134211118991	2.48602342470329
0.89163456867306	0.771218721240239
2.31468022523339	2.98044733302003
1.76730313279802	1.66581053405157
0.90436934622369	0.682084027261242
0.53980919983666	0.287413754139904
0.539336689833639	0.241816729831947
0.163537119116034	0.0738979625885862
0.313343179090543	0.160585359852536
0.631750143057426	0.440390277108295
0.533524937411876	0.344208136056967
0.921392843266916	0.808126550609999
0.541774432824311	0.352548680276778
1.33759709654358	1.3293509283177
1.03505497250591	0.786080738353212
0.533927353268572	0.319500563257333
0.520185566846491	0.33377017687954
0.788385857457626	0.661843920406332
0.54895474455615	0.326685977030239
0.433340503562689	0.269043393227164
0.649054304047358	0.428025215062592
0.426583106645329	0.24541721610104
1.13165877178183	0.798750444681113
1.66398857723743	1.36015626074419
0.900730901791741	0.683768044791832
0.924347498691986	0.858734305477664
1.10940088188311	1.11340417934879
0.611661882438582	0.425928887704389
0.00671099305447325	0.00256036555638418
-1.24316948067729	0.602780116050456
0.659603449272879	0.403709502217987
1.27351598308282	0.835670812321399
2.75973055556083	1.73977878983205
0.706298385317518	0.51898595412314
0.970269250854264	0.669152218386759
1.62143720891042	1.66445675920347
0.826540056450912	0.742950463209726
0.668191370374448	0.942211463352499
1.21110021820213	2.51578436915843
1.1550776595784	2.60037935653427
1.20071436758816	1.85400623215644
0.825966678607353	1.05064731032419
0.285432129020301	0.260981006480193
0.301639728707249	0.275801666437583
0.365351189879334	0.297050792866413
0.520006777818912	0.386639002011849
-0.245847720583907	0.162385822784355
0.789481766931144	0.79743312016791
0.197239675001675	0.142468410550411
1.79385487260998	1.72632718692627
0.00294263771552859	0.00187870038560221
0.127717588558027	0.0764438131356968
-0.500773596649694	0.343525389863602
0.600272352519202	0.555335956172837
0.372017812699848	0.288471329119115
0.273488504766947	0.18569549417276
0.449251784190387	0.284421448412095
0.030058662721934	0.0206831084296464
0.391603870824506	0.325980321864657
0.314709321974505	0.230853225157201
0.878835561454516	2.28111193207991
1.76312612149413	7.35890076737526
1.41863587193412	5.83295501897048
1.15873233253215	4.02957865190604
0.536236544312324	0.707536731816535
-0.193802954939806	0.204767799675171
-0.329940785057076	0.325221627580419
0.547853898966937	0.654911624584267
0.186556952940104	0.162377416024304
-0.351999856550395	0.388745857613742
-0.525662129950477	0.423538173410344
0.314836219372452	0.271141402157565
0.555924339702606	0.664650263133374
-0.0716382180649704	0.0527016804494817
0.211763517120767	0.184673832731518
-0.340161945635421	0.242309907221064
-0.716326552861576	0.772229289099458
0.429406694874912	0.345243838004477
-0.312258130805063	0.276960131975159
-0.400691759967229	0.33638902331324
0.884680458374141	0.958786328432091
0.210946742009432	0.166263243998187
0.765375191364929	1.01366113826679
0.0937286254726597	0.111134405380599
0.263514189110585	0.371074846331239
1.14130719869377	3.67262841917109
1.1080379745107	3.21553931475815
0.983518605548636	1.42357896590762
-0.0130620658147204	0.011914566769693
0.397753978085086	0.4568202809192
-0.421303616106501	0.410278749119504
-0.69151956654181	0.978253467277854
0.231631711752483	0.238871968682098
-0.0881487131367726	0.072927790163294
-0.246529678580909	0.219165744391549
-0.201896275398321	0.157480347260891
0.24299699932933	0.198115217744803
1.44152342094702	1.85895511335728
0.265313680714301	0.243936696702836
0.583125838453324	0.650520545806468
0.0779250735849227	0.0600089287625258
-0.685138779365361	0.802954749675189
0.198820438959189	0.159226346794024
0.818883463613535	0.873512575147583
0.46272544823239	0.44129543681058
-0.00185731766704813	0.000817812980034779
0.805944807911531	0.934166845117687
0.481576975373364	0.502442958417973
0.525064604798842	0.501132884567998
0.511740899287764	0.418182702972673
0.316878204637	0.241461748770354
0.542443470342145	0.543114880737233
1.2831623374252	1.63170711904658
0.437764952715079	0.457401213107534
0.542134351430426	0.535377350179897
0.952665350500164	1.38271730052103
0.785159295604703	0.749065950091836
-0.149709493217901	0.121964323696429
0.401245631587867	0.360523386472324
0.414136509771039	0.371565287093975
0.0203711955796401	0.0149811983613507
0.893533620067495	1.052177887093
0.437579709102938	0.276341014613489
0.775995116332941	0.738328087180902
-1.25528839228178	1.15594045631143
-0.70508083334832	0.509309516257228
-0.250702098293378	0.211271674897467
0.861350202762938	0.957646673936719
0.680984098919784	0.621492370773272
0.953080021296769	1.18477369253456
0.0409235003762554	0.0229271983081635
0.649825709154773	0.630624523548224
0.334063736904733	0.247734747123531
-0.129949918541054	0.0899537863946854
0.870856279082252	0.748593130935571
0.600982773612501	0.66558221431167
0.547875263049741	0.535970072823163
0.782041525214178	0.762264670779345
-0.173798672096814	0.091582656025027
-0.844150008095912	0.87373846051929
0.824921466222717	0.747421796215927
1.14393674701673	1.19379547854007
0.363748741961672	0.370742578021193
0.898807612916283	1.05657314439478
0.670048389554994	0.513628849600001
-0.197377894726687	0.125495080549448
-0.17309462261194	0.108613289547081
1.32821827698674	1.76209289241671
0.690587837059266	0.736921058217972
0.605770145456553	0.543609361422329
0.688210176567422	0.654662118037029
1.0500295380275	0.981896769014656
0.4339322869019	0.352489850145439
0.406919585087593	0.356190305991274
0.185187610412385	0.120988534893132
0.726126535437906	0.611280638669931
0.213175511420057	0.126599725073426
0.622805005403592	0.657467618389078
0.612523822644013	0.549222070663001
0.255731120695993	0.142183364977048
-0.2544009621805	0.143528892960732
0.582971631530249	0.647066123850356
0.537897206412135	0.506432227777518
0.200033359695076	0.145313595383426
1.55223482555758	1.92425203100109
0.300704210224078	0.253072350300419
1.29765926338134	1.71457369837082
0.277464905311729	0.178612001926441
2.03285348671434	2.70660424176087
0.270073580026318	0.193873666220648
0.571199139866216	0.415382599035286
1.16357134934793	1.42818068056119
0.208639359064631	0.13738115711171
-0.172384543730728	0.0997362890762287
1.40600236031106	2.10468063593381
0.962229072502169	1.07465402967822
-0.307811828840709	0.182277339511999
0.0681940782626213	0.0377712049091438
0.285273222092475	0.169309080418234
0.564607092580181	0.459866500398621
0.695589432359812	0.53956428454882
0.21490041662608	0.107593059374829
0.490897009934752	0.425842339920398
1.28659643009914	1.75889453205374
1.01595121217546	1.33711357717633
0.980364011219256	1.08541322651631
0.993718021357347	1.20113601097
1.14884077006986	1.45195380977568
0.684335892383233	0.74651028659959
1.95951135324131	2.70560727187795
-0.146579307223297	0.0896760386593849
1.69148246222062	2.40812407830859
1.44225795243083	1.67157207561524
1.26519504420481	1.43107945699678
0.25725541482695	0.150519346087235
0.180137861520891	0.0979129911634382
0.750221206786536	0.457180074453658
1.12640019842508	1.2913651898401
0.436205005828037	0.295641520291505
0.634621793330417	0.52536675873394
0.605365317796625	0.429086483160292
0.900781593701927	0.947668285598061
0.652187545696557	0.394312684133722
1.71921822750684	2.72822076871977
0.893177442597346	0.916029161344146
0.658187715707235	0.511402386583586
1.06889974168156	1.28040178324109
0.430655840623297	0.26393307554877
0.4984657903314	0.367923755709494
-0.513037527436867	0.321328788323884
1.63326151992261	2.7378955399511
0.764405503261515	0.604096518064075
0.0893259082204361	0.05258172482658
1.05547336746817	1.29025357907832
0.266640698120427	0.145551200301856
1.71406888929837	1.88861479392296
0.846689143301242	0.768203689013381
1.25188804135217	0.854505830181988
0.0143403234491842	0.00737512199335887
-0.101800302115748	0.0519239810698142
-0.0345379699200431	0.0147948574752553
-0.184763343084561	0.105852278140513
1.45001541943732	1.25221959451669
0.936243287608895	0.761422029143296
0.624581187278397	0.475727943583911
1.32769049214616	1.3113136792606
-1.18946911279729	0.880988528400535
0.632549146844588	0.414495341727088
0.594977082533027	0.452594312584937
0.795648645603171	0.592260568689852
0.437987605480659	0.253089500813033
0.731273581086266	0.485008479014061
1.14795040879101	1.51329350666327
1.01805262959255	1.22292786931607
0.675158456449693	0.680378280906439
1.03040920330018	1.14645225559194
0.683442957794445	0.694338608577551
0.580838903318141	0.767059506878415
0.739071985321609	0.973131500089722
1.36864394959081	1.95645711024118
0.699020975424869	0.741330328551207
0.222408898882549	0.150993784844174
1.49176156963275	2.56114803062655
0.803704936738066	1.02227962237986
0.283950935237601	0.255692461274219
0.304654680878458	0.25453833804636
1.22008187547432	1.76325913736027
1.60132883794199	2.70812595362112
0.00537142401040507	0.00335789046762571
1.36059183493129	2.16151319508361
1.43093711852158	1.77446396607917
0.811548623956884	0.923029562225132
0.405733629486521	0.355319851564348
1.01908701041657	0.982370759231453
1.1194564729471	1.68107197704419
1.09975239967209	1.46043418103788
0.79203979317391	1.03849864847024
1.54573611696349	2.15707916921468
1.40273119592941	1.72790531204017
-0.426977700595686	0.399116814274831
1.4137132267251	2.15759121259079
1.04025742473005	1.66553032497728
1.24742809308425	1.39501728490969
0.679933225414244	0.72194855342836
0.762340396136299	0.747762156389605
0.372275298372159	0.292706381926813
0.59115744758755	0.448685777255663
0.170061944760612	0.0914831171956563
0.610230071230942	0.524681816124455
-1.04975131617088	0.809542074707272
0.761387758312542	0.709329702193843
0.155096839122389	0.105637741044652
0.99482398330784	0.931934359408694
1.13009850794798	1.08898856915796
0.369340222871933	0.245173306862697
-0.119799684628529	0.078572846241042
0.0298061435985928	0.0171688395136934
0.452390445532514	0.330232988213032
0.0773351146091406	0.0543293264088992
0.500748384080912	0.453851257362425
0.860447945052251	0.781325331967887
1.91865017302103	2.55718838354588
1.622827476698	2.11629667087533
0.89696380322864	0.938077910943534
0.827041808945159	0.550790910520286
0.359593909577789	0.249847879300858
0.61774645971419	0.442131464784225
1.33252549653744	1.42843769978937
1.08657118106698	0.979502964199048
0.641057147252577	0.513636032380344
0.0600812824215947	0.0362405485928198
1.84362810872961	1.64996655239166
0.69559916389057	0.641090034562547
0.562308396251779	0.507293866106062
0.813590185126324	0.730798564928394
0.346111935318098	0.259798365200255
0.356310600740901	0.267311035768853
1.32780785570731	1.40504654917285
0.911844869627505	1.19354783819896
-0.261977850123635	0.203180992177889
0.0123074861119655	0.00774745942623327
0.211491723125303	0.158811750620205
0.668516226819559	0.802129806061092
1.1904797769899	1.61833691110537
0.786714271445934	0.879883755767399
0.47063104992591	0.473099468069792
0.287709891956413	0.170152942493483
1.05126763145581	1.23336252898006
1.94189646091036	3.1588406112089
1.72783764560652	1.8675360424772
1.97216538971923	1.89947785700424
0.397139903609428	0.316385365176624
2.27490790967845	4.14795510770636
0.263669384278907	0.213589531308762
1.02524598003502	1.43393457609229
2.44418095075245	5.04090242051261
0.491753991541549	0.507502651049979
1.85950543169381	2.63649393927195
0.437921981197194	0.384716250151108
0.419022350482987	0.408283745603351
0.275519431888671	0.223177761816108
0.931907893174964	1.31221280992559
1.5271005951915	2.01760291433253
1.11544989354494	1.82212796652019
0.7596967290163	0.990594826872284
-0.506076957217539	0.492663905758649
0.528858801722974	0.562250062368945
-0.144208756725014	0.10898089434428
0.133527821061754	0.105592167942358
0.357876618746968	0.303088169373224
0.366716308891987	0.315694495408394
0.172573589917888	0.13671574175395
0.339888346190605	0.262498097647063
0.695418227148838	0.706487225788507
0.457428628785234	0.467733392452672
0.45258523424679	0.400918991450614
0.690998470689793	0.596777021442128
0.611544453106906	0.532596642913757
0.680309993741799	0.770530000590371
0.444870736193992	0.49956796023779
0.861452871363741	0.968608794511031
-0.180505821430642	0.155681431099899
0.572315977365709	0.530026943258138
0.930827436176636	1.19227615138985
0.432626672476774	0.456377480691376
0.24966611589629	0.220692531085881
0.955638745226512	1.10384107048323
0.0437586338327378	0.0369137861460889
0.647386241137575	0.687410218177632
0.0328318084607217	0.0275577419856572
0.508058997727464	0.595958930583963
0.496833458155056	0.548768927290214
0.206169606213306	0.167107026168521
0.844025353579192	1.12438803464616
1.07152217225784	1.49066716923181
0.574374533990847	0.707740336000889
0.616115602230842	0.787003881021835
0.299667349170744	0.256401403669115
0.60810416840322	0.658628767023211
0.972815486055504	1.41926766426798
0.467241033690516	0.356458103728749
0.321460734633796	0.25332680707936
0.5010094746126	0.490294147510147
0.351977643187665	0.297910002669664
-0.171879394747002	0.140820332230673
1.14011746579443	1.17967916533967
0.0780426555464203	0.0589791777142744
0.224368432069351	0.157177853080908
-0.0925856712025566	0.0655126773399011
-1.38143352775765	1.55995082640589
0.62853053732417	0.501480063046286
0.753287766303447	0.791372454743829
0.740131326362421	0.77112548192203
0.714210495858467	0.667330471709177
0.896074177428589	0.91673883242086
-0.400745513592617	0.296500433378181
0.728906284121599	0.846826209856056
0.869886127179386	1.04514820443782
0.328894717843613	0.242507567249663
0.638344043842779	0.597917635294755
1.14193757491423	1.68470087094916
0.362647672051734	0.282311597896099
0.616992933714574	0.879477578232493
0.13370518955884	0.117874033523275
0.310304803640737	0.354862809360648
0.0801553505530038	0.0581666805806296
-0.205645553294643	0.165490592960192
0.0989937268172641	0.0869051270176876
0.467951985085543	0.513643874420881
0.6386996908726	0.790004842219268
0.492931236397104	0.528999361259233
0.789073982717311	0.677271660990701
0.729561947246857	0.835832793704895
0.629011813558123	0.865935409228155
0.950690470553192	1.43733191124561
1.39127508991368	2.74964297273423
1.05646059683992	0.885748275105317
0.327872669681781	0.25342769317282
-0.154119088128206	0.106538157615456
-0.17544431945579	0.148493241135675
0.518250741639747	0.54182796643507
-0.137995992003353	0.115737488571168
0.387942766718795	0.32087179875565
0.777736875413116	0.729165831449554
0.895811954083058	0.779617910107487
0.625060991950776	0.514121420376606
1.08896110231304	1.4735893686081
0.450289888823539	0.439558781518969
0.78841733015698	0.898277737515299
1.38052095802229	1.92975523183968
1.3532291291474	2.46393895075009
0.675195893988122	0.655062189295788
0.746065585610061	1.08019621096545
1.05822326084079	1.30578798192334
0.618738969104357	0.718248601999216
